"Status","Start Time","Stop Time","Duration in ms","Parent Suite","Suite","Sub Suite","Test Class","Test Method","Name","Description"
"broken","Mon Jan 17 03:16:30 GMT 2022","Mon Jan 17 03:16:30 GMT 2022","0","tests.brownie.token.tests","test_approve","","","","test_initial_approval_is_zero[1]",""
"failed","Mon Jan 17 03:12:33 GMT 2022","Mon Jan 17 03:12:33 GMT 2022","42","Contract: PaymentSplitter","","","","","rejects more payees than shares",""
"broken","Mon Jan 17 03:13:00 GMT 2022","Mon Jan 17 03:13:00 GMT 2022","29","Contract: TokenTimelock","with token","","","","rejects a release time in the past",""
"broken","Mon Jan 17 03:12:44 GMT 2022","Mon Jan 17 03:12:44 GMT 2022","0","Contract: ERC1967Proxy","","","","","""before all"" hook: deploy implementation for ""cannot be initialized with a non-contract address""",""
"broken","Mon Jan 17 03:12:38 GMT 2022","Mon Jan 17 03:12:38 GMT 2022","0","Contract: BeaconProxy","","","","","""before all"" hook: deploy implementation for ""upgrade a proxy by upgrading its beacon""",""
"broken","Mon Jan 17 03:16:35 GMT 2022","Mon Jan 17 03:16:35 GMT 2022","0","tests.brownie.token.tests","test_transferFrom","","","","test_total_supply_not_affected",""
"passed","Mon Jan 17 03:17:00 GMT 2022","Mon Jan 17 03:17:22 GMT 2022","22156","tests.openzeppelin","test_openzeppelin","","","","test_contracts[input_data1]",""
"skipped","Mon Jan 17 03:12:56 GMT 2022","Mon Jan 17 03:12:56 GMT 2022","0","Contract: ERC20VotesComp","transfers","","","","receiver delegation",""
"broken","Mon Jan 17 03:13:31 GMT 2022","Mon Jan 17 03:13:31 GMT 2022","5","ethjs","","","","","test01",""
"skipped","Mon Jan 17 03:12:37 GMT 2022","Mon Jan 17 03:12:37 GMT 2022","1","Contract: TimelockController","methods","batch > schedule","","","prevent overwritting active operation",""
"skipped","Mon Jan 17 03:12:56 GMT 2022","Mon Jan 17 03:12:56 GMT 2022","0","Contract: ERC20VotesComp","getPastTotalSupply","","","","returns zero if < first checkpoint block",""
"broken","Mon Jan 17 03:13:30 GMT 2022","Mon Jan 17 03:13:30 GMT 2022","400","Ethers.js","","","","","testReadOnlyMethods",""
"broken","Mon Jan 17 03:13:10 GMT 2022","Mon Jan 17 03:13:11 GMT 2022","95","Contract: Arrays","findUpperBound","Even number of elements","","","returns correct index for the basic case",""
"failed","Mon Jan 17 03:12:43 GMT 2022","Mon Jan 17 03:12:43 GMT 2022","76","Contract: UpgradeableBeacon","","","","","cannot be created with non-contract implementation",""
"broken","Mon Jan 17 03:13:05 GMT 2022","Mon Jan 17 03:13:05 GMT 2022","104","Contract: ERC721Burnable","like a burnable ERC721","burn > when successful","","","burns the given token ID and adjusts the balance of the owner",""
"skipped","Mon Jan 17 03:12:37 GMT 2022","Mon Jan 17 03:12:37 GMT 2022","0","Contract: TimelockController","maintenance","","","","timelock scheduled maintenance",""
"broken","Mon Jan 17 03:16:36 GMT 2022","Mon Jan 17 03:16:36 GMT 2022","0","tests.brownie.token.tests","test_transferFrom","","","","test_transfer_zero_tokens_without_approval",""
"passed","Mon Jan 17 03:17:22 GMT 2022","Mon Jan 17 03:17:44 GMT 2022","22082","tests.openzeppelin","test_openzeppelin","","","","test_contracts[input_data2]",""
"skipped","Mon Jan 17 03:12:37 GMT 2022","Mon Jan 17 03:12:37 GMT 2022","0","Contract: TimelockController","methods","batch > schedule","","","enforce minimum delay",""
"broken","Mon Jan 17 03:13:26 GMT 2022","Mon Jan 17 03:13:26 GMT 2022","28","Contract: TimersTimestamp","","","","","unset",""
"failed","Mon Jan 17 03:12:33 GMT 2022","Mon Jan 17 03:12:33 GMT 2022","16","Contract: PaymentSplitter","","","","","rejects zero-valued shares",""
"skipped","Mon Jan 17 03:12:37 GMT 2022","Mon Jan 17 03:12:37 GMT 2022","0","Contract: TimelockController","usage scenario","","","","call reverting with eth",""
"broken","Mon Jan 17 03:16:33 GMT 2022","Mon Jan 17 03:16:33 GMT 2022","0","tests.brownie.token.tests","test_transfer","","","","test_transfer_zero_tokens",""
"broken","Mon Jan 17 03:12:33 GMT 2022","Mon Jan 17 03:12:33 GMT 2022","14","Contract: PaymentSplitter","once deployed","","","","has total shares",""
"broken","Mon Jan 17 03:13:08 GMT 2022","Mon Jan 17 03:13:08 GMT 2022","1","Contract: ERC777PresetFixedSupply","","","","","""before all"" hook for ""returns the name""",""
"skipped","Mon Jan 17 03:16:37 GMT 2022","Mon Jan 17 03:16:37 GMT 2022","0","tests.hardhat","test_hardhat","","","","test_hardhat_advanced",""
"broken","Mon Jan 17 03:12:43 GMT 2022","Mon Jan 17 03:12:43 GMT 2022","23","Contract: UpgradeableBeacon","once deployed","","","","returns implementation",""
"broken","Mon Jan 17 03:12:45 GMT 2022","Mon Jan 17 03:12:45 GMT 2022","0","Contract: TransparentUpgradeableProxy","","","","","""before all"" hook: deploy implementation for ""cannot be initialized with a non-contract address""",""
"skipped","Mon Jan 17 03:12:37 GMT 2022","Mon Jan 17 03:12:37 GMT 2022","0","Contract: TimelockController","methods","cancel","","","cannot cancel invalid operation",""
"passed","Mon Jan 17 03:13:28 GMT 2022","Mon Jan 17 03:13:28 GMT 2022","646","Ethers.js","","","","","shouldCountTransactions",""
"broken","Mon Jan 17 03:16:36 GMT 2022","Mon Jan 17 03:16:36 GMT 2022","0","tests.brownie.token.tests","test_transferFrom","","","","test_transfer_to_self",""
"skipped","Mon Jan 17 03:12:37 GMT 2022","Mon Jan 17 03:12:37 GMT 2022","0","Contract: TimelockController","methods","simple > schedule","","","enforce minimum delay",""
"skipped","Mon Jan 17 03:12:37 GMT 2022","Mon Jan 17 03:12:37 GMT 2022","1","Contract: TimelockController","usage scenario","","","","call out of gas",""
"skipped","Mon Jan 17 03:12:59 GMT 2022","Mon Jan 17 03:12:59 GMT 2022","0","Contract: ERC20Votes","set delegation","with signature","","","rejects reused signature",""
"broken","Mon Jan 17 03:12:43 GMT 2022","Mon Jan 17 03:12:44 GMT 2022","107","Contract: Initializable","basic testing without inheritance","before initialize","","","initializer has not run",""
"broken","Mon Jan 17 03:12:32 GMT 2022","Mon Jan 17 03:12:32 GMT 2022","44","Contract: GovernorComp","voting with comp token","","","","run",""
"skipped","Mon Jan 17 03:12:59 GMT 2022","Mon Jan 17 03:12:59 GMT 2022","0","Contract: ERC20Votes","transfers","","","","sender delegation",""
"skipped","Mon Jan 17 03:12:37 GMT 2022","Mon Jan 17 03:12:37 GMT 2022","0","Contract: TimelockController","methods","batch > execute > with scheduled operation > on time","","","prevent non-executor from revealing",""
"broken","Mon Jan 17 03:13:10 GMT 2022","Mon Jan 17 03:13:10 GMT 2022","111","Contract: Counters","","","","","starts at zero",""
"skipped","Mon Jan 17 03:12:32 GMT 2022","Mon Jan 17 03:12:32 GMT 2022","0","Contract: GovernorCompatibilityBravo","","","","","deployment check",""
"skipped","Mon Jan 17 03:12:37 GMT 2022","Mon Jan 17 03:12:37 GMT 2022","0","Contract: TimelockController","usage scenario","","","","call payable with eth",""
"broken","Mon Jan 17 03:16:34 GMT 2022","Mon Jan 17 03:16:34 GMT 2022","0","tests.brownie.token.tests","test_transfer","","","","test_transfer_event_fires",""
"broken","Mon Jan 17 03:12:49 GMT 2022","Mon Jan 17 03:12:49 GMT 2022","66","Contract: ERC1155Burnable","burn","","","","holder can burn their tokens",""
"skipped","Mon Jan 17 03:12:59 GMT 2022","Mon Jan 17 03:12:59 GMT 2022","0","Contract: ERC20Votes","Compound test suite","getPastVotes","","","returns the latest block if >= last checkpoint block",""
"skipped","Mon Jan 17 03:12:38 GMT 2022","Mon Jan 17 03:12:38 GMT 2022","1","Contract: GovernorTimelockControl","","","","","doesn't accept ether transfers",""
"broken","Mon Jan 17 03:13:17 GMT 2022","Mon Jan 17 03:13:17 GMT 2022","42","Contract: RefundEscrow","once deployed","","","","only the owner can enter closed state",""
"broken","Mon Jan 17 03:16:33 GMT 2022","Mon Jan 17 03:16:33 GMT 2022","0","tests.brownie.token.tests","test_transfer","","","","test_receiver_balance_increases",""
"broken","Mon Jan 17 03:13:19 GMT 2022","Mon Jan 17 03:13:19 GMT 2022","204","Contract: ERC1820Implementer","with no registered interfaces","","","","returns false when interface implementation is queried",""
"skipped","Mon Jan 17 03:12:56 GMT 2022","Mon Jan 17 03:12:56 GMT 2022","1","Contract: ERC20VotesComp","","","","","initial nonce is 0",""
"broken","Mon Jan 17 03:12:49 GMT 2022","Mon Jan 17 03:12:49 GMT 2022","98","Contract: ERC1155Supply","before mint","","","","exist",""
"skipped","Mon Jan 17 03:12:38 GMT 2022","Mon Jan 17 03:12:38 GMT 2022","0","Contract: GovernorVotesQuorumFraction","","","","","deployment check",""
"skipped","Mon Jan 17 03:12:56 GMT 2022","Mon Jan 17 03:12:56 GMT 2022","1","Contract: ERC20VotesComp","","","","","minting restriction",""
"broken","Mon Jan 17 03:13:06 GMT 2022","Mon Jan 17 03:13:06 GMT 2022","141","Contract: ERC721Pausable","when token is paused","","","","reverts when trying to transferFrom",""
"broken","Mon Jan 17 03:13:27 GMT 2022","Mon Jan 17 03:13:28 GMT 2022","401","Ethers.js","","","","","shouldCreateAcccountWithEthersJs",""
"broken","Mon Jan 17 03:12:44 GMT 2022","Mon Jan 17 03:12:44 GMT 2022","1","Contract: UUPSUpgradeable","","","","","""before all"" hook for ""upgrade to upgradeable implementation""",""
"failed","Mon Jan 17 03:13:28 GMT 2022","Mon Jan 17 03:13:29 GMT 2022","443","Ethers.js","","","","","shouldConnectViaEthersJs",""
"skipped","Mon Jan 17 03:12:59 GMT 2022","Mon Jan 17 03:12:59 GMT 2022","0","Contract: ERC20Votes","Compound test suite","numCheckpoints","","","returns the number of checkpoints for a delegate",""
"broken","Mon Jan 17 03:16:31 GMT 2022","Mon Jan 17 03:16:31 GMT 2022","0","tests.brownie.token.tests","test_approve","","","","test_initial_approval_is_zero[2]",""
"passed","Mon Jan 17 03:17:44 GMT 2022","Mon Jan 17 03:18:07 GMT 2022","22195","tests.openzeppelin","test_openzeppelin","","","","test_contracts[input_data3]",""
"skipped","Mon Jan 17 03:12:56 GMT 2022","Mon Jan 17 03:12:56 GMT 2022","0","Contract: ERC20VotesComp","Compound test suite","numCheckpoints","","","returns the number of checkpoints for a delegate",""
"broken","Mon Jan 17 03:12:56 GMT 2022","Mon Jan 17 03:12:56 GMT 2022","70","Contract: ERC20Snapshot","snapshot","","","","emits a snapshot event",""
"broken","Mon Jan 17 03:16:36 GMT 2022","Mon Jan 17 03:16:36 GMT 2022","0","tests.brownie.token.tests","test_transferFrom","","","","test_revoked_approval",""
"passed","Mon Jan 17 03:13:30 GMT 2022","Mon Jan 17 03:13:30 GMT 2022","4","Ethers.js","","","","","testStateChangingMethods",""
"skipped","Mon Jan 17 03:12:56 GMT 2022","Mon Jan 17 03:12:56 GMT 2022","0","Contract: ERC20VotesComp","getPastTotalSupply","","","","generally returns the voting balance at the appropriate checkpoint",""
"broken","Mon Jan 17 03:16:34 GMT 2022","Mon Jan 17 03:16:34 GMT 2022","0","tests.brownie.token.tests","test_transfer","","","","test_insufficient_balance",""
"broken","Mon Jan 17 03:12:44 GMT 2022","Mon Jan 17 03:12:44 GMT 2022","1","Contract: ProxyAdmin","","","","","""before all"" hook: set implementations for ""has an owner""",""
"broken","Mon Jan 17 03:16:31 GMT 2022","Mon Jan 17 03:16:31 GMT 2022","0","tests.brownie.token.tests","test_approve","","","","test_approve_self",""
"skipped","Mon Jan 17 03:12:37 GMT 2022","Mon Jan 17 03:12:37 GMT 2022","0","Contract: TimelockController","methods","simple > execute > with scheduled operation > on time","","","prevent non-executor from revealing",""
"passed","Mon Jan 17 03:18:50 GMT 2022","Mon Jan 17 03:19:14 GMT 2022","23511","tests.truffle","test_truffle","","","","test_truffle_test",""
"broken","Mon Jan 17 03:13:00 GMT 2022","Mon Jan 17 03:13:00 GMT 2022","153","Contract: ERC20PresetMinterPauser","","","","","deployer has the default admin role",""
"broken","Mon Jan 17 03:12:54 GMT 2022","Mon Jan 17 03:12:54 GMT 2022","130","Contract: ERC20Permit","","","","","initial nonce is 0",""
"broken","Mon Jan 17 03:13:21 GMT 2022","Mon Jan 17 03:13:21 GMT 2022","90","Contract: SafeCast","toUint8","","","","downcasts 0",""
"skipped","Mon Jan 17 03:12:37 GMT 2022","Mon Jan 17 03:12:37 GMT 2022","0","Contract: TimelockController","methods","batch > execute > with scheduled operation > on time","","","executor can reveal",""
"broken","Mon Jan 17 03:13:11 GMT 2022","Mon Jan 17 03:13:11 GMT 2022","40","Contract: Arrays","findUpperBound","Odd number of elements","","","returns correct index for the basic case",""
"broken","Mon Jan 17 03:13:23 GMT 2022","Mon Jan 17 03:13:23 GMT 2022","84","Contract: StorageSlot","boolean storage slot","","","","set",""
"broken","Mon Jan 17 03:16:35 GMT 2022","Mon Jan 17 03:16:35 GMT 2022","0","tests.brownie.token.tests","test_transferFrom","","","","test_receiver_balance_increases",""
"skipped","Mon Jan 17 03:12:59 GMT 2022","Mon Jan 17 03:12:59 GMT 2022","0","Contract: ERC20Votes","transfers","","","","no delegation",""
"broken","Mon Jan 17 03:16:31 GMT 2022","Mon Jan 17 03:16:31 GMT 2022","0","tests.brownie.token.tests","test_approve","","","","test_initial_approval_is_zero[4]",""
"broken","Mon Jan 17 03:16:31 GMT 2022","Mon Jan 17 03:16:31 GMT 2022","0","tests.brownie.token.tests","test_approve","","","","test_revoke_approve",""
"broken","Mon Jan 17 03:16:34 GMT 2022","Mon Jan 17 03:16:34 GMT 2022","0","tests.brownie.token.tests","test_transferFrom","","","","test_sender_balance_decreases",""
"skipped","Mon Jan 17 03:12:59 GMT 2022","Mon Jan 17 03:12:59 GMT 2022","0","Contract: ERC20Votes","set delegation","with signature","","","rejects expired permit",""
"broken","Mon Jan 17 03:13:25 GMT 2022","Mon Jan 17 03:13:25 GMT 2022","14","Contract: EnumerableSet","EnumerableAddressSet","","","","starts empty",""
"broken","Mon Jan 17 03:13:11 GMT 2022","Mon Jan 17 03:13:11 GMT 2022","44","Contract: Arrays","findUpperBound","Array with gap","","","returns index of first element in next filled range",""
"broken","Mon Jan 17 03:12:32 GMT 2022","Mon Jan 17 03:12:32 GMT 2022","47","Contract: GovernorTimelockCompound","Contract interface","ERC165 > ERC165's supportsInterface(bytes4)","","","uses less than 30k gas [skip-on-coverage]",""
"broken","Mon Jan 17 03:16:32 GMT 2022","Mon Jan 17 03:16:32 GMT 2022","0","tests.brownie.token.tests","test_approve","","","","test_only_affects_target",""
"skipped","Mon Jan 17 03:12:56 GMT 2022","Mon Jan 17 03:12:56 GMT 2022","9","Contract: ERC20VotesComp","set delegation","with signature","","","rejects expired permit",""
"broken","Mon Jan 17 03:13:22 GMT 2022","Mon Jan 17 03:13:22 GMT 2022","79","Contract: SignedSafeMath","add","","","","adds correctly if it does not overflow and the result is positive",""
"broken","Mon Jan 17 03:12:43 GMT 2022","Mon Jan 17 03:12:43 GMT 2022","0","Contract: Clones","cloneDeterministic","","","","""before all"" hook: deploy implementation for ""address already used""",""
"skipped","Mon Jan 17 03:12:37 GMT 2022","Mon Jan 17 03:12:37 GMT 2022","0","Contract: TimelockController","methods","batch > execute > with scheduled operation","","","revert if execution comes too early 1/2",""
"skipped","Mon Jan 17 03:12:56 GMT 2022","Mon Jan 17 03:12:56 GMT 2022","0","Contract: ERC20VotesComp","transfers","","","","no delegation",""
"broken","Mon Jan 17 03:13:11 GMT 2022","Mon Jan 17 03:13:11 GMT 2022","42","Contract: Arrays","findUpperBound","Empty array","","","always returns 0 for empty array",""
"skipped","Mon Jan 17 03:12:59 GMT 2022","Mon Jan 17 03:12:59 GMT 2022","0","Contract: ERC20Votes","getPastTotalSupply","","","","returns 0 if there are no checkpoints",""
"skipped","Mon Jan 17 03:12:37 GMT 2022","Mon Jan 17 03:12:37 GMT 2022","0","Contract: TimelockController","methods","batch > schedule","","","prevent non-proposer from commiting",""
"skipped","Mon Jan 17 03:12:56 GMT 2022","Mon Jan 17 03:12:56 GMT 2022","0","Contract: ERC20VotesComp","Compound test suite","getPriorVotes","","","returns the latest block if >= last checkpoint block",""
"skipped","Mon Jan 17 03:12:56 GMT 2022","Mon Jan 17 03:12:56 GMT 2022","0","Contract: ERC20VotesComp","set delegation","with signature","","","rejects bad delegatee",""
"skipped","Mon Jan 17 03:12:37 GMT 2022","Mon Jan 17 03:12:37 GMT 2022","0","Contract: TimelockController","methods","operation hashing","","","hashOperation",""
"broken","Mon Jan 17 03:13:26 GMT 2022","Mon Jan 17 03:13:26 GMT 2022","26","Contract: TimersBlockNumber","","","","","unset",""
"broken","Mon Jan 17 03:12:50 GMT 2022","Mon Jan 17 03:12:50 GMT 2022","80","Contract: ERC1155PresetMinterPauser","","","","","deployer has the default admin role",""
"broken","Mon Jan 17 03:12:32 GMT 2022","Mon Jan 17 03:12:32 GMT 2022","90","Contract: GovernorCompatibilityBravo","nominal","","","","run",""
"skipped","Mon Jan 17 03:12:59 GMT 2022","Mon Jan 17 03:12:59 GMT 2022","0","Contract: ERC20Votes","Compound test suite","getPastVotes","","","returns zero if < first checkpoint block",""
"broken","Mon Jan 17 03:13:24 GMT 2022","Mon Jan 17 03:13:24 GMT 2022","25","Contract: BitMap","","","","","starts empty",""
"skipped","Mon Jan 17 03:12:32 GMT 2022","Mon Jan 17 03:12:32 GMT 2022","0","Contract: GovernorTimelockCompound","","","","","doesn't accept ether transfers",""
"skipped","Mon Jan 17 03:12:37 GMT 2022","Mon Jan 17 03:12:37 GMT 2022","0","Contract: TimelockController","methods","batch > execute > with scheduled operation","","","revert if execution comes too early 2/2",""
"broken","Mon Jan 17 03:13:12 GMT 2022","Mon Jan 17 03:13:12 GMT 2022","65","Contract: Create2","computeAddress","","","","computes the correct contract address",""
"skipped","Mon Jan 17 03:12:59 GMT 2022","Mon Jan 17 03:12:59 GMT 2022","0","Contract: ERC20Votes","set delegation","with signature","","","rejects bad delegatee",""
"skipped","Mon Jan 17 03:12:59 GMT 2022","Mon Jan 17 03:12:59 GMT 2022","0","Contract: ERC20Votes","getPastTotalSupply","","","","reverts if block number >= current block",""
"skipped","Mon Jan 17 03:12:37 GMT 2022","Mon Jan 17 03:12:37 GMT 2022","0","Contract: TimelockController","methods","simple > execute > with scheduled operation > on time","","","executor can reveal",""
"skipped","Mon Jan 17 03:12:37 GMT 2022","Mon Jan 17 03:12:37 GMT 2022","0","Contract: TimelockController","usage scenario","","","","call reverting",""
"skipped","Mon Jan 17 03:12:59 GMT 2022","Mon Jan 17 03:12:59 GMT 2022","0","Contract: ERC20Votes","getPastTotalSupply","","","","returns zero if < first checkpoint block",""
"skipped","Mon Jan 17 03:12:37 GMT 2022","Mon Jan 17 03:12:37 GMT 2022","0","Contract: TimelockController","methods","batch > schedule","","","length of batch parameter must match #1",""
"broken","Mon Jan 17 03:12:55 GMT 2022","Mon Jan 17 03:12:55 GMT 2022","66","Contract: ERC20Pausable","pausable token","transfer","","","allows to transfer when unpaused",""
"broken","Mon Jan 17 03:16:35 GMT 2022","Mon Jan 17 03:16:35 GMT 2022","0","tests.brownie.token.tests","test_transferFrom","","","","test_receiver_approval_not_affected",""
"skipped","Mon Jan 17 03:12:56 GMT 2022","Mon Jan 17 03:12:56 GMT 2022","0","Contract: ERC20VotesComp","transfers","","","","sender delegation",""
"skipped","Mon Jan 17 03:12:38 GMT 2022","Mon Jan 17 03:12:38 GMT 2022","0","Contract: GovernorTimelockControl","","","","","post deployment check",""
"broken","Mon Jan 17 03:13:05 GMT 2022","Mon Jan 17 03:13:05 GMT 2022","32","Contract: ERC721URIStorage","token URI","","","","it is empty by default",""
"skipped","Mon Jan 17 03:12:59 GMT 2022","Mon Jan 17 03:12:59 GMT 2022","0","Contract: ERC20Votes","Compound test suite","getPastVotes","","","returns 0 if there are no checkpoints",""
"skipped","Mon Jan 17 03:12:37 GMT 2022","Mon Jan 17 03:12:37 GMT 2022","1","Contract: TimelockController","methods","batch > execute","","","revert if operation is not scheduled",""
"broken","Mon Jan 17 03:12:38 GMT 2022","Mon Jan 17 03:12:38 GMT 2022","44","Contract: GovernorVotesQuorumFraction","quroum not reached","","","","run",""
"skipped","Mon Jan 17 03:12:56 GMT 2022","Mon Jan 17 03:12:56 GMT 2022","0","Contract: ERC20VotesComp","change delegation","","","","call",""
"skipped","Mon Jan 17 03:12:56 GMT 2022","Mon Jan 17 03:12:56 GMT 2022","0","Contract: ERC20VotesComp","set delegation","with signature","","","rejects reused signature",""
"broken","Mon Jan 17 03:13:05 GMT 2022","Mon Jan 17 03:13:05 GMT 2022","110","Contract: ERC721PresetMinterPauserAutoId","","","","","token has correct name",""
"broken","Mon Jan 17 03:13:00 GMT 2022","Mon Jan 17 03:13:00 GMT 2022","27","Contract: SafeERC20","with token that returns false on all calls","","","","reverts on transfer",""
"skipped","Mon Jan 17 03:12:56 GMT 2022","Mon Jan 17 03:12:56 GMT 2022","0","Contract: ERC20VotesComp","set delegation","call","","","delegation without balance",""
"broken","Mon Jan 17 03:16:36 GMT 2022","Mon Jan 17 03:16:36 GMT 2022","0","tests.brownie.token.tests","test_transferFrom","","","","test_insufficient_balance",""
"broken","Mon Jan 17 03:12:44 GMT 2022","Mon Jan 17 03:12:44 GMT 2022","39","Contract: Initializable","complex testing with inheritance","","","","initializes human",""
"broken","Mon Jan 17 03:13:01 GMT 2022","Mon Jan 17 03:13:01 GMT 2022","68","Contract: ERC721Enumerable","Contract interface","ERC165 > ERC165's supportsInterface(bytes4)","","","uses less than 30k gas [skip-on-coverage]",""
"broken","Mon Jan 17 03:12:55 GMT 2022","Mon Jan 17 03:12:55 GMT 2022","35","Contract: ERC20FlashMint","maxFlashLoan","","","","token match",""
"broken","Mon Jan 17 03:13:19 GMT 2022","Mon Jan 17 03:13:19 GMT 2022","92","Contract: Math","max","","","","is correctly detected in first argument position",""
"skipped","Mon Jan 17 03:12:37 GMT 2022","Mon Jan 17 03:12:37 GMT 2022","1","Contract: TimelockController","methods","cancel","","","proposer can cancel",""
"skipped","Mon Jan 17 03:12:59 GMT 2022","Mon Jan 17 03:12:59 GMT 2022","0","Contract: ERC20Votes","Compound test suite","getPastVotes","","","reverts if block number >= current block",""
"broken","Mon Jan 17 03:13:07 GMT 2022","Mon Jan 17 03:13:07 GMT 2022","48","Contract: Address","isContract","","","","returns false for account address",""
"broken","Mon Jan 17 03:12:44 GMT 2022","Mon Jan 17 03:12:44 GMT 2022","94","Contract: Pausable","when unpaused","","","","can perform normal process in non-pause",""
"broken","Mon Jan 17 03:16:33 GMT 2022","Mon Jan 17 03:16:33 GMT 2022","0","tests.brownie.token.tests","test_transfer","","","","test_transfer_full_balance",""
"passed","Mon Jan 17 03:16:12 GMT 2022","Mon Jan 17 03:16:13 GMT 2022","1290","tests.brownie","test_brownie","","","","test_brownie_connect",""
"skipped","Mon Jan 17 03:12:37 GMT 2022","Mon Jan 17 03:12:37 GMT 2022","0","Contract: TimelockController","methods","batch > execute > with scheduled operation > on time","","","length mismatch #3",""
"failed","Mon Jan 17 03:12:33 GMT 2022","Mon Jan 17 03:12:33 GMT 2022","59","Contract: PaymentSplitter","","","","","rejects null payees",""
"skipped","Mon Jan 17 03:12:56 GMT 2022","Mon Jan 17 03:12:56 GMT 2022","0","Contract: ERC20VotesComp","Compound test suite","numCheckpoints","","","does not add more than one checkpoint in a block",""
"broken","Mon Jan 17 03:16:36 GMT 2022","Mon Jan 17 03:16:36 GMT 2022","0","tests.brownie.token.tests","test_transferFrom","","","","test_insufficient_approval",""
"failed","Mon Jan 17 03:13:31 GMT 2022","Mon Jan 17 03:13:31 GMT 2022","427","Ethers.js","","","","","shouldCheckStaticJsonRpcProvider",""
"broken","Mon Jan 17 03:12:38 GMT 2022","Mon Jan 17 03:12:38 GMT 2022","31","Contract: GovernorTimelockControl","Contract interface","ERC165 > ERC165's supportsInterface(bytes4)","","","uses less than 30k gas [skip-on-coverage]",""
"skipped","Mon Jan 17 03:12:56 GMT 2022","Mon Jan 17 03:12:56 GMT 2022","0","Contract: ERC20VotesComp","getPastTotalSupply","","","","returns the latest block if >= last checkpoint block",""
"skipped","Mon Jan 17 03:12:37 GMT 2022","Mon Jan 17 03:12:37 GMT 2022","0","Contract: TimelockController","maintenance","","","","prevent unauthorized maintenance",""
"skipped","Mon Jan 17 03:12:37 GMT 2022","Mon Jan 17 03:12:37 GMT 2022","0","Contract: TimelockController","methods","batch > schedule","","","proposer can schedule",""
"skipped","Mon Jan 17 03:12:56 GMT 2022","Mon Jan 17 03:12:56 GMT 2022","0","Contract: ERC20VotesComp","set delegation","with signature","","","rejects bad nonce",""
"broken","Mon Jan 17 03:16:37 GMT 2022","Mon Jan 17 03:16:37 GMT 2022","0","tests.brownie.token.tests","test_transferFrom","","","","test_transfer_to_self_no_approval",""
"broken","Mon Jan 17 03:13:15 GMT 2022","Mon Jan 17 03:13:16 GMT 2022","138","Contract: Escrow","as an escrow","deposits","","","can accept a single deposit",""
"skipped","Mon Jan 17 03:12:59 GMT 2022","Mon Jan 17 03:12:59 GMT 2022","1","Contract: ERC20Votes","","","","","initial nonce is 0",""
"broken","Mon Jan 17 03:12:49 GMT 2022","Mon Jan 17 03:12:49 GMT 2022","56","Contract: ERC1155","like an ERC1155","balanceOf","","","reverts when queried about the zero address",""
"skipped","Mon Jan 17 03:12:59 GMT 2022","Mon Jan 17 03:12:59 GMT 2022","1","Contract: ERC20Votes","set delegation","with signature","","","rejects bad nonce",""
"skipped","Mon Jan 17 03:12:59 GMT 2022","Mon Jan 17 03:12:59 GMT 2022","8","Contract: ERC20Votes","","","","","domain separator",""
"skipped","Mon Jan 17 03:12:37 GMT 2022","Mon Jan 17 03:12:37 GMT 2022","0","Contract: TimelockController","methods","cancel","","","prevent non-proposer from canceling",""
"broken","Mon Jan 17 03:12:38 GMT 2022","Mon Jan 17 03:12:38 GMT 2022","72","Contract: Governor","Contract interface","ERC165 > ERC165's supportsInterface(bytes4)","","","uses less than 30k gas [skip-on-coverage]",""
"skipped","Mon Jan 17 03:12:59 GMT 2022","Mon Jan 17 03:12:59 GMT 2022","0","Contract: ERC20Votes","Compound test suite","balanceOf","","","grants to initial account",""
"passed","Mon Jan 17 03:16:37 GMT 2022","Mon Jan 17 03:17:00 GMT 2022","23096","tests.openzeppelin","test_openzeppelin","","","","test_contracts[input_data0]",""
"skipped","Mon Jan 17 03:12:56 GMT 2022","Mon Jan 17 03:12:56 GMT 2022","0","Contract: ERC20VotesComp","Compound test suite","getPriorVotes","","","reverts if block number >= current block",""
"skipped","Mon Jan 17 03:12:38 GMT 2022","Mon Jan 17 03:12:38 GMT 2022","0","Contract: Governor","","","","","deployment check",""
"broken","Mon Jan 17 03:16:33 GMT 2022","Mon Jan 17 03:16:33 GMT 2022","0","tests.brownie.token.tests","test_transfer","","","","test_total_supply_not_affected",""
"broken","Mon Jan 17 03:13:18 GMT 2022","Mon Jan 17 03:13:18 GMT 2022","90","Contract: ERC165Storage","","","","","register interface",""
"broken","Mon Jan 17 03:16:37 GMT 2022","Mon Jan 17 03:16:37 GMT 2022","0","tests.brownie.token.tests","test_transferFrom","","","","test_transfer_event_fires",""
"broken","Mon Jan 17 03:13:23 GMT 2022","Mon Jan 17 03:13:23 GMT 2022","73","Contract: Strings","from uint256 - decimal format","","","","converts 0",""
"passed","Mon Jan 17 03:18:07 GMT 2022","Mon Jan 17 03:18:26 GMT 2022","19726","tests.truffle","test_truffle","","","","test_truffle_migration",""
"broken","Mon Jan 17 03:13:13 GMT 2022","Mon Jan 17 03:13:13 GMT 2022","138","Contract: MerkleProof","verify","","","","returns true for a valid Merkle proof",""
"broken","Mon Jan 17 03:16:33 GMT 2022","Mon Jan 17 03:16:33 GMT 2022","0","tests.brownie.token.tests","test_transfer","","","","test_transfer_to_self",""
"skipped","Mon Jan 17 03:12:37 GMT 2022","Mon Jan 17 03:12:37 GMT 2022","0","Contract: TimelockController","methods","operation hashing","","","hashOperationBatch",""
"skipped","Mon Jan 17 03:12:37 GMT 2022","Mon Jan 17 03:12:37 GMT 2022","0","Contract: TimelockController","methods","simple > execute","","","revert if operation is not scheduled",""
"skipped","Mon Jan 17 03:12:56 GMT 2022","Mon Jan 17 03:12:56 GMT 2022","0","Contract: ERC20VotesComp","getPastTotalSupply","","","","returns 0 if there are no checkpoints",""
"skipped","Mon Jan 17 03:12:32 GMT 2022","Mon Jan 17 03:12:32 GMT 2022","0","Contract: GovernorComp","","","","","deployment check",""
"failed","Mon Jan 17 03:12:54 GMT 2022","Mon Jan 17 03:12:55 GMT 2022","84","Contract: ERC20Capped","","","","","requires a non-zero cap",""
"passed","Mon Jan 17 03:12:37 GMT 2022","Mon Jan 17 03:12:37 GMT 2022","14","migrate-imports.js","","","","","every new path exists",""
"skipped","Mon Jan 17 03:12:59 GMT 2022","Mon Jan 17 03:12:59 GMT 2022","0","Contract: ERC20Votes","set delegation","call","","","delegation without balance",""
"passed","Mon Jan 17 03:13:30 GMT 2022","Mon Jan 17 03:13:30 GMT 2022","5","Ethers.js","","","","","testContracts",""
"skipped","Mon Jan 17 03:12:37 GMT 2022","Mon Jan 17 03:12:37 GMT 2022","0","Contract: TimelockController","methods","batch > execute > with scheduled operation > on time","","","length mismatch #2",""
"passed","Mon Jan 17 03:13:29 GMT 2022","Mon Jan 17 03:13:29 GMT 2022","2","Ethers.js","","","","","testSigner",""
"skipped","Mon Jan 17 03:12:37 GMT 2022","Mon Jan 17 03:12:37 GMT 2022","0","Contract: TimelockController","methods","simple > schedule","","","prevent overwritting active operation",""
"skipped","Mon Jan 17 03:12:59 GMT 2022","Mon Jan 17 03:12:59 GMT 2022","0","Contract: ERC20Votes","set delegation","with signature","","","accept signed delegation",""
"broken","Mon Jan 17 03:16:31 GMT 2022","Mon Jan 17 03:16:31 GMT 2022","0","tests.brownie.token.tests","test_approve","","","","test_approve",""
"skipped","Mon Jan 17 03:12:37 GMT 2022","Mon Jan 17 03:12:37 GMT 2022","0","Contract: TimelockController","methods","batch > execute","","","partial execution",""
"skipped","Mon Jan 17 03:12:56 GMT 2022","Mon Jan 17 03:12:56 GMT 2022","0","Contract: ERC20VotesComp","Compound test suite","getPriorVotes","","","returns zero if < first checkpoint block",""
"skipped","Mon Jan 17 03:12:56 GMT 2022","Mon Jan 17 03:12:56 GMT 2022","0","Contract: ERC20VotesComp","Compound test suite","getPriorVotes","","","returns 0 if there are no checkpoints",""
"broken","Mon Jan 17 03:13:36 GMT 2022","Mon Jan 17 03:13:36 GMT 2022","475","Hardhat advanced: Greeter","","","","","Should return the new greeting once it's changed",""
"broken","Mon Jan 17 03:12:54 GMT 2022","Mon Jan 17 03:12:54 GMT 2022","109","Contract: ERC20Burnable","burn","when the given amount is not greater than balance of the sender > for a zero amount","","","burns the requested amount",""
"skipped","Mon Jan 17 03:12:37 GMT 2022","Mon Jan 17 03:12:37 GMT 2022","0","Contract: TimelockController","methods","simple > schedule","","","proposer can schedule",""
"broken","Mon Jan 17 03:12:50 GMT 2022","Mon Jan 17 03:12:50 GMT 2022","33","Contract: ERC1155Pausable","when token is paused","","","","reverts when trying to safeTransferFrom from holder",""
"skipped","Mon Jan 17 03:16:37 GMT 2022","Mon Jan 17 03:16:37 GMT 2022","0","tests.hardhat","test_hardhat","","","","test_hardhat_simple",""
"broken","Mon Jan 17 03:16:36 GMT 2022","Mon Jan 17 03:16:36 GMT 2022","0","tests.brownie.token.tests","test_transferFrom","","","","test_no_approval",""
"broken","Mon Jan 17 03:16:32 GMT 2022","Mon Jan 17 03:16:32 GMT 2022","0","tests.brownie.token.tests","test_approve","","","","test_approval_event_fires",""
"broken","Mon Jan 17 03:16:31 GMT 2022","Mon Jan 17 03:16:31 GMT 2022","0","tests.brownie.token.tests","test_approve","","","","test_initial_approval_is_zero[3]",""
"broken","Mon Jan 17 03:13:17 GMT 2022","Mon Jan 17 03:13:17 GMT 2022","56","Contract: ERC165","Contract interface","ERC165 > ERC165's supportsInterface(bytes4)","","","uses less than 30k gas [skip-on-coverage]",""
"broken","Mon Jan 17 03:13:06 GMT 2022","Mon Jan 17 03:13:07 GMT 2022","1547","Contract: ERC777","with default operators","","","","does not emit AuthorizedOperator events for default operators",""
"broken","Mon Jan 17 03:12:32 GMT 2022","Mon Jan 17 03:12:32 GMT 2022","55","Contract: VestingWallet","","","","","rejects zero address for beneficiary",""
"skipped","Mon Jan 17 03:12:59 GMT 2022","Mon Jan 17 03:12:59 GMT 2022","0","Contract: ERC20Votes","","","","","minting restriction",""
"broken","Mon Jan 17 03:16:35 GMT 2022","Mon Jan 17 03:16:35 GMT 2022","0","tests.brownie.token.tests","test_transferFrom","","","","test_returns_true",""
"skipped","Mon Jan 17 03:12:32 GMT 2022","Mon Jan 17 03:12:32 GMT 2022","0","Contract: GovernorTimelockCompound","","","","","post deployment check",""
"broken","Mon Jan 17 03:13:00 GMT 2022","Mon Jan 17 03:13:00 GMT 2022","15","Contract: SafeERC20","with token that returns no boolean values","","","","doesn't revert on transfer",""
"broken","Mon Jan 17 03:12:38 GMT 2022","Mon Jan 17 03:12:38 GMT 2022","39","Contract: ERC2771Context","","","","","recognize trusted forwarder",""
"skipped","Mon Jan 17 03:12:59 GMT 2022","Mon Jan 17 03:12:59 GMT 2022","0","Contract: ERC20Votes","transfers","","","","full delegation",""
"broken","Mon Jan 17 03:13:22 GMT 2022","Mon Jan 17 03:13:22 GMT 2022","75","Contract: SafeMath","with flag","add","","","adds correctly",""
"failed","Mon Jan 17 03:13:29 GMT 2022","Mon Jan 17 03:13:29 GMT 2022","399","Ethers.js","","","","","testQueryingBlockchain",""
"skipped","Mon Jan 17 03:12:56 GMT 2022","Mon Jan 17 03:12:56 GMT 2022","11","Contract: ERC20VotesComp","Compound test suite","getPriorVotes","","","generally returns the voting balance at the appropriate checkpoint",""
"broken","Mon Jan 17 03:13:25 GMT 2022","Mon Jan 17 03:13:25 GMT 2022","43","Contract: EnumerableSet","EnumerableBytes32Set","","","","starts empty",""
"broken","Mon Jan 17 03:12:49 GMT 2022","Mon Jan 17 03:12:49 GMT 2022","84","Contract: ReentrancyGuard","","","","","nonReentrant function can be called",""
"skipped","Mon Jan 17 03:12:37 GMT 2022","Mon Jan 17 03:12:37 GMT 2022","0","Contract: TimelockController","dependency","","","","can execute after dependency",""
"passed","Mon Jan 17 03:13:31 GMT 2022","Mon Jan 17 03:13:31 GMT 2022","4","ethjs","","","","","Connection test (js)",""
"broken","Mon Jan 17 03:13:00 GMT 2022","Mon Jan 17 03:13:00 GMT 2022","44","Contract: SafeERC20","with address that has no contract code","","","","reverts on transfer",""
"skipped","Mon Jan 17 03:12:37 GMT 2022","Mon Jan 17 03:12:37 GMT 2022","0","Contract: TimelockController","usage scenario","","","","call nonpayable with eth",""
"broken","Mon Jan 17 03:12:38 GMT 2022","Mon Jan 17 03:12:38 GMT 2022","50","Contract: MinimalForwarder","with message","verify > valid signature","","","success",""
"passed","Mon Jan 17 03:12:37 GMT 2022","Mon Jan 17 03:12:37 GMT 2022","2","migrate-imports.js","","","","","replaces import paths in a file",""
"broken","Mon Jan 17 03:13:30 GMT 2022","Mon Jan 17 03:13:31 GMT 2022","204","Ethers.js","","","","","testSigningMessages",""
"broken","Mon Jan 17 03:13:30 GMT 2022","Mon Jan 17 03:13:30 GMT 2022","195","Ethers.js","","","","","testQueryHistoricEvents",""
"skipped","Mon Jan 17 03:12:56 GMT 2022","Mon Jan 17 03:12:56 GMT 2022","0","Contract: ERC20VotesComp","transfers","","","","full delegation",""
"broken","Mon Jan 17 03:16:32 GMT 2022","Mon Jan 17 03:16:32 GMT 2022","0","tests.brownie.token.tests","test_transfer","","","","test_sender_balance_decreases",""
"skipped","Mon Jan 17 03:12:56 GMT 2022","Mon Jan 17 03:12:56 GMT 2022","0","Contract: ERC20VotesComp","","","","","domain separator",""
"broken","Mon Jan 17 03:13:01 GMT 2022","Mon Jan 17 03:13:01 GMT 2022","45","Contract: ERC721","Contract interface","ERC165 > ERC165's supportsInterface(bytes4)","","","uses less than 30k gas [skip-on-coverage]",""
"broken","Mon Jan 17 03:16:33 GMT 2022","Mon Jan 17 03:16:33 GMT 2022","0","tests.brownie.token.tests","test_transfer","","","","test_returns_true",""
"broken","Mon Jan 17 03:16:35 GMT 2022","Mon Jan 17 03:16:35 GMT 2022","0","tests.brownie.token.tests","test_transferFrom","","","","test_caller_approval_affected",""
"broken","Mon Jan 17 03:13:25 GMT 2022","Mon Jan 17 03:13:25 GMT 2022","13","Contract: EnumerableSet","EnumerableUintSet","","","","starts empty",""
"skipped","Mon Jan 17 03:12:59 GMT 2022","Mon Jan 17 03:12:59 GMT 2022","0","Contract: ERC20Votes","Compound test suite","numCheckpoints","","","does not add more than one checkpoint in a block",""
"skipped","Mon Jan 17 03:12:59 GMT 2022","Mon Jan 17 03:12:59 GMT 2022","1","Contract: ERC20Votes","getPastTotalSupply","","","","returns the latest block if >= last checkpoint block",""
"skipped","Mon Jan 17 03:12:59 GMT 2022","Mon Jan 17 03:12:59 GMT 2022","0","Contract: ERC20Votes","set delegation","call","","","delegation with balance",""
"skipped","Mon Jan 17 03:12:37 GMT 2022","Mon Jan 17 03:12:37 GMT 2022","0","Contract: TimelockController","methods","batch > execute > with scheduled operation > on time","","","length mismatch #1",""
"skipped","Mon Jan 17 03:12:59 GMT 2022","Mon Jan 17 03:12:59 GMT 2022","0","Contract: ERC20Votes","change delegation","","","","call",""
"broken","Mon Jan 17 03:13:29 GMT 2022","Mon Jan 17 03:13:30 GMT 2022","610","Ethers.js","","","","","testWritingToTheBlockchain",""
"broken","Mon Jan 17 03:16:32 GMT 2022","Mon Jan 17 03:16:32 GMT 2022","0","tests.brownie.token.tests","test_approve","","","","test_returns_true",""
"failed","Mon Jan 17 03:12:33 GMT 2022","Mon Jan 17 03:12:33 GMT 2022","10","Contract: PaymentSplitter","","","","","rejects repeated payees",""
"broken","Mon Jan 17 03:13:18 GMT 2022","Mon Jan 17 03:13:18 GMT 2022","29","Contract: ERC165Checker","ERC165 missing return data","","","","does not support ERC165",""
"broken","Mon Jan 17 03:12:32 GMT 2022","Mon Jan 17 03:12:32 GMT 2022","49","Contract: Ownable","","","","","has an owner",""
"broken","Mon Jan 17 03:12:55 GMT 2022","Mon Jan 17 03:12:55 GMT 2022","45","Contract: ERC20Capped","once deployed","capped token","","","starts with the correct cap",""
"skipped","Mon Jan 17 03:12:37 GMT 2022","Mon Jan 17 03:12:37 GMT 2022","1","Contract: TimelockController","","","","","initial state",""
"broken","Mon Jan 17 03:13:13 GMT 2022","Mon Jan 17 03:13:13 GMT 2022","0","Contract: SignatureChecker (ERC1271)","","","","","""before all"" hook: deploying in ""Contract: SignatureChecker (ERC1271)""",""
"broken","Mon Jan 17 03:13:00 GMT 2022","Mon Jan 17 03:13:00 GMT 2022","0","Contract: ERC20","","","","","""after each"" hook for ""has a name""",""
"skipped","Mon Jan 17 03:12:59 GMT 2022","Mon Jan 17 03:12:59 GMT 2022","0","Contract: ERC20Votes","getPastTotalSupply","","","","generally returns the voting balance at the appropriate checkpoint",""
"broken","Mon Jan 17 03:12:43 GMT 2022","Mon Jan 17 03:12:43 GMT 2022","0","Contract: Clones","clone","","","","""before all"" hook: deploy implementation in ""clone""",""
"failed","Mon Jan 17 03:12:33 GMT 2022","Mon Jan 17 03:12:33 GMT 2022","31","Contract: PaymentSplitter","","","","","rejects more shares than payees",""
"broken","Mon Jan 17 03:13:05 GMT 2022","Mon Jan 17 03:13:06 GMT 2022","105","Contract: ERC721Holder","","","","","receives an ERC721 token",""
"broken","Mon Jan 17 03:12:32 GMT 2022","Mon Jan 17 03:12:32 GMT 2022","64","Contract: AccessControl","Contract interface","AccessControl > ERC165's supportsInterface(bytes4)","","","uses less than 30k gas [skip-on-coverage]",""
"broken","Mon Jan 17 03:12:51 GMT 2022","Mon Jan 17 03:12:51 GMT 2022","41","Contract: ERC1155Holder","","","","","receives ERC1155 tokens from a single ID",""
"broken","Mon Jan 17 03:16:35 GMT 2022","Mon Jan 17 03:16:35 GMT 2022","0","tests.brownie.token.tests","test_transferFrom","","","","test_caller_balance_not_affected",""
"skipped","Mon Jan 17 03:12:37 GMT 2022","Mon Jan 17 03:12:37 GMT 2022","0","Contract: TimelockController","methods","simple > execute > with scheduled operation","","","revert if execution comes too early 2/2",""
"skipped","Mon Jan 17 03:12:37 GMT 2022","Mon Jan 17 03:12:37 GMT 2022","0","Contract: TimelockController","usage scenario","","","","call",""
"skipped","Mon Jan 17 03:12:56 GMT 2022","Mon Jan 17 03:12:56 GMT 2022","1","Contract: ERC20VotesComp","getPastTotalSupply","","","","reverts if block number >= current block",""
"broken","Mon Jan 17 03:13:10 GMT 2022","Mon Jan 17 03:13:10 GMT 2022","162","Contract: Context","msgSender","","","","returns the transaction sender when called from an EOA",""
"broken","Mon Jan 17 03:16:35 GMT 2022","Mon Jan 17 03:16:35 GMT 2022","0","tests.brownie.token.tests","test_transferFrom","","","","test_transfer_full_balance",""
"skipped","Mon Jan 17 03:12:37 GMT 2022","Mon Jan 17 03:12:37 GMT 2022","0","Contract: TimelockController","methods","simple > schedule","","","prevent non-proposer from commiting",""
"skipped","Mon Jan 17 03:12:56 GMT 2022","Mon Jan 17 03:12:56 GMT 2022","1","Contract: ERC20VotesComp","set delegation","call","","","delegation with balance",""
"broken","Mon Jan 17 03:13:16 GMT 2022","Mon Jan 17 03:13:17 GMT 2022","73","Contract: ConditionalEscrow","when withdrawal is allowed","as an escrow > deposits","","","can accept a single deposit",""
"broken","Mon Jan 17 03:13:00 GMT 2022","Mon Jan 17 03:13:00 GMT 2022","60","Contract: ERC20","","","","","has a name",""
"skipped","Mon Jan 17 03:12:56 GMT 2022","Mon Jan 17 03:12:56 GMT 2022","0","Contract: ERC20VotesComp","Compound test suite","balanceOf","","","grants to initial account",""
"broken","Mon Jan 17 03:16:29 GMT 2022","Mon Jan 17 03:16:29 GMT 2022","0","tests.brownie.token.tests","test_approve","","","","test_initial_approval_is_zero[0]",""
"passed","Mon Jan 17 03:18:26 GMT 2022","Mon Jan 17 03:18:50 GMT 2022","23806","tests.truffle","test_truffle","","","","test_truffle_contract",""
"broken","Mon Jan 17 03:16:36 GMT 2022","Mon Jan 17 03:16:36 GMT 2022","0","tests.brownie.token.tests","test_transferFrom","","","","test_transfer_zero_tokens",""
"failed","Mon Jan 17 03:13:16 GMT 2022","Mon Jan 17 03:13:17 GMT 2022","95","Contract: RefundEscrow","","","","","requires a non-null beneficiary",""
"broken","Mon Jan 17 03:13:00 GMT 2022","Mon Jan 17 03:13:00 GMT 2022","15","Contract: SafeERC20","with token that returns true on all calls","","","","doesn't revert on transfer",""
"broken","Mon Jan 17 03:13:24 GMT 2022","Mon Jan 17 03:13:24 GMT 2022","30","Contract: EnumerableMap","","","","","starts empty",""
"broken","Mon Jan 17 03:13:12 GMT 2022","Mon Jan 17 03:13:12 GMT 2022","76","Contract: EIP712","","","","","domain separator",""
"failed","Mon Jan 17 03:19:14 GMT 2022","Mon Jan 17 03:19:34 GMT 2022","19920","tests.truffle","test_truffle","","","","test_issue_364_self_destruct_contract",""
"skipped","Mon Jan 17 03:12:59 GMT 2022","Mon Jan 17 03:12:59 GMT 2022","0","Contract: ERC20Votes","Compound test suite","getPastVotes","","","generally returns the voting balance at the appropriate checkpoint",""
"broken","Mon Jan 17 03:13:12 GMT 2022","Mon Jan 17 03:13:12 GMT 2022","64","Contract: ECDSA","recover with invalid signature","","","","with short signature",""
"skipped","Mon Jan 17 03:12:37 GMT 2022","Mon Jan 17 03:12:37 GMT 2022","0","Contract: TimelockController","usage scenario","","","","call throw",""
"skipped","Mon Jan 17 03:12:37 GMT 2022","Mon Jan 17 03:12:37 GMT 2022","0","Contract: TimelockController","methods","simple > execute > with scheduled operation","","","revert if execution comes too early 1/2",""
"skipped","Mon Jan 17 03:12:59 GMT 2022","Mon Jan 17 03:12:59 GMT 2022","0","Contract: ERC20Votes","transfers","","","","receiver delegation",""
"skipped","Mon Jan 17 03:12:37 GMT 2022","Mon Jan 17 03:12:37 GMT 2022","0","Contract: TimelockController","dependency","","","","cannot execute before dependency",""
"broken","Mon Jan 17 03:16:31 GMT 2022","Mon Jan 17 03:16:31 GMT 2022","0","tests.brownie.token.tests","test_approve","","","","test_modify_approve",""
"skipped","Mon Jan 17 03:12:56 GMT 2022","Mon Jan 17 03:12:56 GMT 2022","0","Contract: ERC20VotesComp","set delegation","with signature","","","accept signed delegation",""
"failed","Mon Jan 17 03:12:33 GMT 2022","Mon Jan 17 03:12:33 GMT 2022","97","Contract: PaymentSplitter","","","","","rejects an empty set of payees",""
"broken","Mon Jan 17 03:16:28 GMT 2022","Mon Jan 17 03:16:29 GMT 2022","768","tests.brownie","test_brownie","","","","test_brownie_deploy",""
"broken","Mon Jan 17 03:13:00 GMT 2022","Mon Jan 17 03:13:00 GMT 2022","0","Contract: ERC20PresetFixedSupply","","","","","""before all"" hook for ""deployer has the balance equal to initial supply""",""
"broken","Mon Jan 17 03:12:48 GMT 2022","Mon Jan 17 03:12:48 GMT 2022","122","Contract: PullPayment","payments","","","","can record an async payment correctly",""
"broken","Mon Jan 17 03:13:23 GMT 2022","Mon Jan 17 03:13:23 GMT 2022","65","Contract: MulticallToken","","","","","batches function calls",""
