"Status","Start Time","Stop Time","Duration in ms","Parent Suite","Suite","Sub Suite","Test Class","Test Method","Name","Description"
"passed","Fri Apr 08 00:47:58 GMT 2022","Fri Apr 08 00:48:05 GMT 2022","6855","Contract: ERC1155","like an ERC1155","safeTransferFrom > when sending to a valid receiver > with data","","","calls onERC1155Received",""
"passed","Fri Apr 08 00:48:05 GMT 2022","Fri Apr 08 00:48:14 GMT 2022","8716","Contract: ERC1155","like an ERC1155","safeTransferFrom > to a receiver contract returning unexpected value","","","reverts",""
"passed","Fri Apr 08 01:00:54 GMT 2022","Fri Apr 08 01:00:57 GMT 2022","3180","Contract: ERC721Enumerable","with minted tokens","transfers > via safeTransferFrom > without data > to a user account > when called by the operator","","","emits a Transfer event",""
"broken","Fri Apr 08 00:48:33 GMT 2022","Fri Apr 08 00:48:59 GMT 2022","25822","Contract: GovernorTimelockCompound","re-queue / re-execute","","","","run",""
"passed","Fri Apr 08 00:51:42 GMT 2022","Fri Apr 08 00:51:48 GMT 2022","5283","Contract: ERC721","with minted tokens","transfers > via transferFrom > when called by the owner","","","adjusts owners tokens by index",""
"passed","Fri Apr 08 00:52:10 GMT 2022","Fri Apr 08 00:52:13 GMT 2022","2263","Contract: ERC1155","ERC1155MetadataURI","","","","sets the initial URI for all token types",""
"passed","Fri Apr 08 00:49:41 GMT 2022","Fri Apr 08 00:49:48 GMT 2022","6589","Contract: ERC20","erc20 behaviour","total supply","","","returns the total amount of tokens",""
"passed","Fri Apr 08 00:50:46 GMT 2022","Fri Apr 08 00:50:52 GMT 2022","6520","Contract: SafeERC20","with token that returns no boolean values","","","","doesn't revert on transfer",""
"passed","Fri Apr 08 00:44:46 GMT 2022","Fri Apr 08 00:44:58 GMT 2022","11298","Contract: GovernorTimelockControl","Contract interface","Governor > proposalSnapshot(uint256)","","","has to be implemented",""
"passed","Fri Apr 08 00:54:39 GMT 2022","Fri Apr 08 00:54:40 GMT 2022","1483","Contract: SafeMath","with flag","mul","","","multiplies by zero correctly",""
"failed","Fri Apr 08 00:48:59 GMT 2022","Fri Apr 08 00:48:59 GMT 2022","0","Contract: GovernorTimelockCompound","re-queue / re-execute","","","","""after each"" hook for ""run""",""
"passed","Fri Apr 08 00:51:57 GMT 2022","Fri Apr 08 00:52:03 GMT 2022","5863","Contract: ERC1155","internal functions","_burnBatch > with minted-then-burnt tokens","","","emits a TransferBatch event",""
"passed","Fri Apr 08 00:56:21 GMT 2022","Fri Apr 08 00:56:23 GMT 2022","2855","Contract: SafeCast","toInt128","","","","downcasts 0",""
"passed","Fri Apr 08 00:44:40 GMT 2022","Fri Apr 08 00:44:52 GMT 2022","11151","Contract: Governor","Contract interface","Governor > hashProposal(address[],uint256[],bytes[],bytes32)","","","has to be implemented",""
"passed","Fri Apr 08 00:47:05 GMT 2022","Fri Apr 08 00:47:12 GMT 2022","7461","Contract: TransparentUpgradeableProxy","upgradeToAndCall","with migrations > when the sender is not the admin","","","reverts",""
"passed","Fri Apr 08 00:52:10 GMT 2022","Fri Apr 08 00:52:19 GMT 2022","8905","Contract: ERC721","with minted tokens","transfers > via transferFrom > when called by the approved individual","","","emits an Approval event",""
"passed","Fri Apr 08 00:52:40 GMT 2022","Fri Apr 08 00:52:45 GMT 2022","5333","Contract: ERC721Enumerable","with minted tokens","transfers > via transferFrom > when called by the operator","","","clears the approval for the token ID",""
"broken","Fri Apr 08 00:52:07 GMT 2022","Fri Apr 08 00:52:09 GMT 2022","1688","Contract: ERC777","with default operators","","","","does not emit AuthorizedOperator events for default operators",""
"skipped","Fri Apr 08 00:43:14 GMT 2022","Fri Apr 08 00:43:14 GMT 2022","0","Contract: TimelockController","methods","cancel","","","cannot cancel invalid operation",""
"passed","Fri Apr 08 00:45:17 GMT 2022","Fri Apr 08 00:45:19 GMT 2022","2311","Contract: Pausable","when unpaused","when paused > unpausing > when unpaused","","","emits an Unpaused event",""
"skipped","Fri Apr 08 00:43:14 GMT 2022","Fri Apr 08 00:43:14 GMT 2022","0","Contract: TimelockController","methods","batch > execute","","","revert if operation is not scheduled",""
"passed","Fri Apr 08 00:48:08 GMT 2022","Fri Apr 08 00:48:14 GMT 2022","5893","Contract: ERC20Burnable","burnFrom","when the given amount is greater than the balance of the sender","","","reverts",""
"passed","Fri Apr 08 00:53:53 GMT 2022","Fri Apr 08 00:53:56 GMT 2022","2468","Contract: ERC165Checker","ERC165 supported","","","","does not support mock interface via supportsInterface",""
"skipped","Fri Apr 08 00:48:24 GMT 2022","Fri Apr 08 00:48:24 GMT 2022","0","Contract: ERC20VotesComp","set delegation","with signature","","","rejects expired permit",""
"passed","Fri Apr 08 00:48:29 GMT 2022","Fri Apr 08 00:48:32 GMT 2022","2690","Contract: ERC20","","","","","has a name",""
"passed","Fri Apr 08 01:04:27 GMT 2022","Fri Apr 08 01:04:30 GMT 2022","3889","Contract: ERC721","with minted tokens","transfers > via safeTransferFrom > without data > to a valid receiver contract > when the address of the previous owner is incorrect","","","reverts",""
"broken","Fri Apr 08 00:44:09 GMT 2022","Fri Apr 08 00:44:10 GMT 2022","1481","Ethers.js","","","","","testQueryingBlockchain",""
"passed","Fri Apr 08 00:46:38 GMT 2022","Fri Apr 08 00:46:42 GMT 2022","3824","Contract: ERC1155Pausable","when token is paused","isApprovedForAll","","","returns the approval of the operator",""
"passed","Fri Apr 08 01:01:55 GMT 2022","Fri Apr 08 01:01:58 GMT 2022","2901","Contract: ERC721Enumerable","with minted tokens","transfers > via safeTransferFrom > without data > to a user account > when the sender is not authorized for the token id","","","reverts",""
"passed","Fri Apr 08 00:47:04 GMT 2022","Fri Apr 08 00:47:13 GMT 2022","8822","Contract: ERC1155Holder","Contract interface","ERC1155Receiver > onERC1155BatchReceived(address,address,uint256[],uint256[],bytes)","","","has to be implemented",""
"passed","Fri Apr 08 00:55:21 GMT 2022","Fri Apr 08 00:55:22 GMT 2022","1355","Contract: Strings","from uint256 - fixed hex format","","","","converts a positive number (short)",""
"passed","Fri Apr 08 00:46:04 GMT 2022","Fri Apr 08 00:46:08 GMT 2022","3766","Contract: TransparentUpgradeableProxy","upgradeToAndCall","without migrations > when the call does not fail > when the sender is the admin","","","sends given value to the proxy",""
"passed","Fri Apr 08 01:06:57 GMT 2022","Fri Apr 08 01:06:58 GMT 2022","1125","Contract: ERC721","Contract interface","ERC721Metadata > ERC165's supportsInterface(bytes4)","","","claims support [skip-on-coverage]",""
"passed","Fri Apr 08 00:54:36 GMT 2022","Fri Apr 08 00:54:39 GMT 2022","3154","Contract: SafeMath","with flag","mul","","","multiplies correctly",""
"passed","Fri Apr 08 00:45:19 GMT 2022","Fri Apr 08 00:45:22 GMT 2022","3356","Contract: Pausable","when unpaused","when paused > unpausing > when unpaused","","","should resume allowing normal process",""
"passed","Fri Apr 08 00:56:26 GMT 2022","Fri Apr 08 00:56:27 GMT 2022","1304","Contract: EnumerableSet","EnumerableAddressSet","at","","","reverts when retrieving non-existent elements",""
"skipped","Fri Apr 08 00:48:27 GMT 2022","Fri Apr 08 00:48:27 GMT 2022","0","Contract: ERC20Votes","set delegation","with signature","","","accept signed delegation",""
"passed","Fri Apr 08 00:44:34 GMT 2022","Fri Apr 08 00:44:38 GMT 2022","4577","Contract: Clones","clone","initialization with parameters > payable > when not sending balance","","","has expected balance",""
"passed","Fri Apr 08 00:48:53 GMT 2022","Fri Apr 08 00:48:56 GMT 2022","3074","Contract: ERC20","deposit","","","","missing approval",""
"passed","Fri Apr 08 00:56:18 GMT 2022","Fri Apr 08 00:56:19 GMT 2022","1231","Contract: SafeCast","toInt64","","","","reverts when downcasting 2^63 (9223372036854775808)",""
"passed","Fri Apr 08 00:44:57 GMT 2022","Fri Apr 08 00:45:00 GMT 2022","2276","Contract: Clones","cloneDeterministic","initialization without parameters > non payable > when sending some balance","","","reverts",""
"passed","Fri Apr 08 00:52:28 GMT 2022","Fri Apr 08 00:52:33 GMT 2022","4883","Contract: ERC20","erc20 behaviour","approve > when the spender is the zero address","","","reverts",""
"passed","Fri Apr 08 00:47:49 GMT 2022","Fri Apr 08 00:47:53 GMT 2022","3384","Contract: ERC20Burnable","burnFrom","on success > for a zero amount","","","decrements allowance",""
"passed","Fri Apr 08 00:50:30 GMT 2022","Fri Apr 08 00:50:32 GMT 2022","1226","Contract: ERC721Enumerable","Contract interface","ERC721 > setApprovalForAll(address,bool)","","","has to be implemented",""
"passed","Fri Apr 08 00:43:36 GMT 2022","Fri Apr 08 00:43:47 GMT 2022","10841","Contract: ERC2771Context","when called directly","msgData","","","returns the transaction sender when from another contract",""
"passed","Fri Apr 08 00:54:59 GMT 2022","Fri Apr 08 00:55:02 GMT 2022","3460","Contract: SafeCast","toUint128","","","","downcasts 2^128 - 1 (340282366920938463463374607431768211455)",""
"passed","Fri Apr 08 00:52:43 GMT 2022","Fri Apr 08 00:52:45 GMT 2022","2452","Contract: Counters","decrement","starting from 1","","","decrements the current value by one",""
"broken","Fri Apr 08 00:54:06 GMT 2022","Fri Apr 08 00:54:10 GMT 2022","3285","Contract: ERC1820Implementer","with no registered interfaces","","","","returns false when interface implementation is queried",""
"passed","Fri Apr 08 00:47:38 GMT 2022","Fri Apr 08 00:47:43 GMT 2022","5461","Contract: ERC20Capped","once deployed","capped token","","","mints when amount is less than cap",""
"passed","Fri Apr 08 00:44:24 GMT 2022","Fri Apr 08 00:44:26 GMT 2022","1140","Contract: ERC1967Proxy","initialization without parameters","payable > when sending some balance","","","has expected balance",""
"passed","Fri Apr 08 01:03:23 GMT 2022","Fri Apr 08 01:03:28 GMT 2022","4657","Contract: ERC721Enumerable","with minted tokens","transfers > via safeTransferFrom > without data > to a valid receiver contract > when called by the operator","","","adjusts owners balances",""
"passed","Fri Apr 08 00:51:13 GMT 2022","Fri Apr 08 00:51:14 GMT 2022","1236","Contract: ERC1155","like an ERC1155","Contract interface > ERC1155 > safeBatchTransferFrom(address,address,uint256[],uint256[],bytes)","","","has to be implemented",""
"skipped","Fri Apr 08 00:45:23 GMT 2022","Fri Apr 08 00:45:23 GMT 2022","0","Contract: TransparentUpgradeableProxy","initialization with parameters","payable > when sending some balance","","","sets the implementation address",""
"passed","Fri Apr 08 00:54:17 GMT 2022","Fri Apr 08 00:54:19 GMT 2022","1289","Contract: Math","average","","","","is correctly calculated with two odd numbers",""
"passed","Fri Apr 08 01:06:38 GMT 2022","Fri Apr 08 01:06:40 GMT 2022","1382","Contract: ERC721","_mint(address, uint256)","","","","reverts with a null destination address",""
"passed","Fri Apr 08 00:50:06 GMT 2022","Fri Apr 08 00:50:11 GMT 2022","5667","Contract: ERC20","erc20 behaviour","transfer > when the recipient is not the zero address > when the sender transfers all balance","","","transfers the requested amount",""
"passed","Fri Apr 08 00:57:48 GMT 2022","Fri Apr 08 00:57:52 GMT 2022","4074","Contract: ERC721Enumerable","with minted tokens","transfers > via safeTransferFrom > with data > to a valid receiver contract > when called by the owner","","","emits an Approval event",""
"passed","Fri Apr 08 00:54:50 GMT 2022","Fri Apr 08 00:55:03 GMT 2022","13191","Contract: ConditionalEscrow","when withdrawal is allowed","as an escrow > withdrawals","","","can do an empty withdrawal",""
"passed","Fri Apr 08 00:45:16 GMT 2022","Fri Apr 08 00:45:18 GMT 2022","2514","Contract: Clones","cloneDeterministic","initialization with parameters > non payable > when not sending balance","","","has expected balance",""
"passed","Fri Apr 08 00:54:45 GMT 2022","Fri Apr 08 00:54:46 GMT 2022","1078","Contract: SignedSafeMath","sub","","","","reverts on positive subtraction overflow",""
"passed","Fri Apr 08 01:06:41 GMT 2022","Fri Apr 08 01:06:43 GMT 2022","1766","Contract: ERC721","_mint(address, uint256)","with minted token","","","creates the token",""
"passed","Fri Apr 08 00:48:53 GMT 2022","Fri Apr 08 00:48:56 GMT 2022","2927","Contract: ERC20Pausable","pausable token","mint","","","reverts when trying to mint when paused",""
"passed","Fri Apr 08 00:45:53 GMT 2022","Fri Apr 08 00:45:58 GMT 2022","4696","Contract: ERC1155Supply","after mint","batch","","","totalSupply",""
"passed","Fri Apr 08 00:47:29 GMT 2022","Fri Apr 08 00:47:32 GMT 2022","3122","Contract: ERC20Burnable","burn","when the given amount is not greater than balance of the sender > for a zero amount","","","burns the requested amount",""
"passed","Fri Apr 08 00:55:57 GMT 2022","Fri Apr 08 00:56:00 GMT 2022","3751","Contract: SafeCast","toInt32","","","","reverts when downcasting -2^31 - 1 (-2147483649)",""
"passed","Fri Apr 08 00:49:47 GMT 2022","Fri Apr 08 00:49:53 GMT 2022","6844","Contract: TokenTimelock","with token","once deployed","","","can get state",""
"passed","Fri Apr 08 00:50:41 GMT 2022","Fri Apr 08 00:50:46 GMT 2022","4403","Contract: SafeERC20","with token that returns true on all calls","approvals > with non-zero allowance","","","reverts when decreasing the allowance to a negative value",""
"passed","Fri Apr 08 01:02:30 GMT 2022","Fri Apr 08 01:02:34 GMT 2022","4037","Contract: ERC721","with minted tokens","transfers > via safeTransferFrom > without data > to a valid receiver contract > when called by the owner","","","emits an Approval event",""
"passed","Fri Apr 08 00:56:09 GMT 2022","Fri Apr 08 00:56:11 GMT 2022","1231","Contract: SafeCast","toInt64","","","","downcasts 0",""
"passed","Fri Apr 08 00:49:57 GMT 2022","Fri Apr 08 00:50:01 GMT 2022","3577","Contract: ERC20","erc20 behaviour","balanceOf > when the requested account has some tokens","","","returns the total amount of tokens",""
"passed","Fri Apr 08 00:46:49 GMT 2022","Fri Apr 08 00:47:01 GMT 2022","11608","Contract: Governor","Contract interface","Governor > castVoteWithReason(uint256,uint8,string)","","","has to be implemented",""
"passed","Fri Apr 08 01:02:21 GMT 2022","Fri Apr 08 01:02:25 GMT 2022","4584","Contract: ERC721","with minted tokens","transfers > via safeTransferFrom > without data > to a valid receiver contract > when called by the owner","","","emits a Transfer event",""
"passed","Fri Apr 08 01:01:31 GMT 2022","Fri Apr 08 01:01:35 GMT 2022","3810","Contract: ERC721Enumerable","with minted tokens","transfers > via safeTransferFrom > without data > to a user account > when called by the owner without an approved user","","","adjusts owners tokens by index",""
"passed","Fri Apr 08 00:52:26 GMT 2022","Fri Apr 08 00:52:27 GMT 2022","1215","Contract: Arrays","findUpperBound","Even number of elements","","","returns first index after last element if searched value is over the upper boundary",""
"passed","Fri Apr 08 00:45:03 GMT 2022","Fri Apr 08 00:45:09 GMT 2022","6049","Contract: UUPSUpgradeable","","","","","reject proxy address as implementation",""
"passed","Fri Apr 08 00:44:34 GMT 2022","Fri Apr 08 00:44:45 GMT 2022","10752","Contract: GovernorTimelockCompound","Contract interface","Governor > votingPeriod()","","","has to be implemented",""
"passed","Fri Apr 08 00:43:17 GMT 2022","Fri Apr 08 00:43:24 GMT 2022","7454","Contract: GovernorTimelockCompound","Contract interface","Governor > ERC165's supportsInterface(bytes4)","","","claims support [skip-on-coverage]",""
"passed","Fri Apr 08 00:52:40 GMT 2022","Fri Apr 08 00:52:42 GMT 2022","1693","Contract: ERC721PresetMinterPauserAutoId","Contract interface","AccessControl > revokeRole(bytes32,address)","","","has to be implemented",""
"passed","Fri Apr 08 00:54:53 GMT 2022","Fri Apr 08 00:54:55 GMT 2022","1305","Contract: SafeCast","toUint96","","","","reverts when downcasting 2^96 + 1 (79228162514264337593543950337)",""
"passed","Fri Apr 08 00:48:35 GMT 2022","Fri Apr 08 00:48:42 GMT 2022","6704","Contract: ERC20","decrease allowance","when the spender is not the zero address > when the sender does not have enough balance > when the spender had an approved amount","","","reverts when more than the full allowance is removed",""
"passed","Fri Apr 08 01:05:24 GMT 2022","Fri Apr 08 01:05:26 GMT 2022","1948","Contract: ERC721","with minted tokens","safe mint > via safeMint > to a contract that does not implement the required function","","","reverts",""
"passed","Fri Apr 08 00:54:55 GMT 2022","Fri Apr 08 00:54:56 GMT 2022","1604","Contract: SafeCast","toUint128","","","","downcasts 0",""
"passed","Fri Apr 08 00:54:24 GMT 2022","Fri Apr 08 00:54:25 GMT 2022","1196","Contract: SafeCast","toUint16","","","","downcasts 2^16 - 1 (65535)",""
"passed","Fri Apr 08 00:56:27 GMT 2022","Fri Apr 08 00:56:28 GMT 2022","1228","Contract: SafeCast","toInt128","","","","downcasts -2^127 (-170141183460469231731687303715884105728)",""
"passed","Fri Apr 08 00:45:33 GMT 2022","Fri Apr 08 00:45:37 GMT 2022","3273","Contract: TransparentUpgradeableProxy","upgradeTo","when the sender is the admin > when the given implementation is different from the current one","","","upgrades to the requested implementation",""
"passed","Fri Apr 08 01:02:56 GMT 2022","Fri Apr 08 01:03:01 GMT 2022","4536","Contract: ERC721","with minted tokens","transfers > via safeTransferFrom > without data > to a valid receiver contract > when called by the approved individual","","","emits an Approval event",""
"passed","Fri Apr 08 00:59:28 GMT 2022","Fri Apr 08 00:59:32 GMT 2022","4062","Contract: ERC721Enumerable","with minted tokens","transfers > via safeTransferFrom > with data > to a valid receiver contract > when sent to the owner","","","keeps ownership of the token",""
"broken","Fri Apr 08 00:42:44 GMT 2022","Fri Apr 08 00:42:47 GMT 2022","3041","Contract: GovernorCompatibilityBravo","nominal","","","","run",""
"passed","Fri Apr 08 00:54:47 GMT 2022","Fri Apr 08 00:54:48 GMT 2022","1328","Contract: SignedSafeMath","mul","","","","multiplies correctly",""
"passed","Fri Apr 08 00:46:56 GMT 2022","Fri Apr 08 00:46:58 GMT 2022","1675","Contract: ERC1155PresetMinterPauser","Contract interface","AccessControlEnumerable > getRoleMemberCount(bytes32)","","","has to be implemented",""
"passed","Fri Apr 08 00:52:08 GMT 2022","Fri Apr 08 00:52:13 GMT 2022","4543","Contract: ERC721URIStorage","token URI","","","","token URI can be changed by changing the base URI",""
"passed","Fri Apr 08 00:59:58 GMT 2022","Fri Apr 08 01:00:02 GMT 2022","4101","Contract: ERC721Enumerable","with minted tokens","transfers > via safeTransferFrom > with data > to a valid receiver contract > when the given token ID does not exist","","","reverts",""
"passed","Fri Apr 08 00:55:39 GMT 2022","Fri Apr 08 00:55:40 GMT 2022","1211","Contract: SafeMath","with custom revert message","mod > modulos correctly","","","when the dividend is larger than the divisor",""
"passed","Fri Apr 08 00:49:31 GMT 2022","Fri Apr 08 00:49:34 GMT 2022","2635","Contract: ERC20PresetMinterPauser","pausing","","","","deployer can unpause",""
"passed","Fri Apr 08 00:55:18 GMT 2022","Fri Apr 08 00:55:19 GMT 2022","1396","Contract: Strings","from uint256 - hex format","","","","converts MAX_UINT256",""
"passed","Fri Apr 08 00:51:14 GMT 2022","Fri Apr 08 00:51:23 GMT 2022","8640","Contract: ERC20","erc20 behaviour","transfer from > when the token owner is not the zero address > when the recipient is not the zero address > when the spender does not have enough approved balance > when the token owner has enough balance","","","reverts",""
"passed","Fri Apr 08 00:57:52 GMT 2022","Fri Apr 08 00:57:57 GMT 2022","4191","Contract: ERC721","with minted tokens","transfers > via safeTransferFrom > with data > to a valid receiver contract > when called by the owner","","","emits an Approval event",""
"passed","Fri Apr 08 00:50:38 GMT 2022","Fri Apr 08 00:50:39 GMT 2022","1738","Contract: ERC721","Contract interface","ERC721 > safeTransferFrom(address,address,uint256,bytes)","","","has to be implemented",""
"passed","Fri Apr 08 01:07:14 GMT 2022","Fri Apr 08 01:07:15 GMT 2022","1231","Contract: ERC721Enumerable","Contract interface","ERC721Enumerable > ERC165's supportsInterface(bytes4)","","","claims support [skip-on-coverage]",""
"passed","Fri Apr 08 00:51:59 GMT 2022","Fri Apr 08 00:52:10 GMT 2022","10567","Contract: ERC721","with minted tokens","transfers > via transferFrom > when called by the approved individual","","","clears the approval for the token ID",""
"broken","Fri Apr 08 00:45:33 GMT 2022","Fri Apr 08 00:45:33 GMT 2022","0","tests.brownie.token.tests","test_approve","","","","test_initial_approval_is_zero[2]",""
"passed","Fri Apr 08 00:57:22 GMT 2022","Fri Apr 08 00:57:25 GMT 2022","2890","Contract: ERC721","with minted tokens","transfers > via safeTransferFrom > with data > to a user account > when the given token ID does not exist","","","reverts",""
"passed","Fri Apr 08 00:49:39 GMT 2022","Fri Apr 08 00:49:42 GMT 2022","3016","Contract: SafeERC20","with token that returns false on all calls","","","","reverts on transfer",""
"passed","Fri Apr 08 00:52:23 GMT 2022","Fri Apr 08 00:52:29 GMT 2022","5608","Contract: ERC721","with minted tokens","transfers > via transferFrom > when called by the approved individual","","","adjusts owners tokens by index",""
"passed","Fri Apr 08 00:56:40 GMT 2022","Fri Apr 08 00:56:42 GMT 2022","2114","Contract: EnumerableSet","EnumerableUintSet","add","","","adds a value",""
"passed","Fri Apr 08 01:05:05 GMT 2022","Fri Apr 08 01:05:09 GMT 2022","3376","Contract: ERC721Enumerable","with minted tokens","safe mint > via safeMint","","","calls onERC721Received — without data",""
"passed","Fri Apr 08 00:47:04 GMT 2022","Fri Apr 08 00:47:19 GMT 2022","14997","Contract: GovernorTimelockControl","Contract interface","Governor > castVoteWithReason(uint256,uint8,string)","","","has to be implemented",""
"skipped","Fri Apr 08 00:48:27 GMT 2022","Fri Apr 08 00:48:27 GMT 2022","0","Contract: ERC20Votes","set delegation","with signature","","","rejects reused signature",""
"passed","Fri Apr 08 00:54:42 GMT 2022","Fri Apr 08 00:54:43 GMT 2022","1129","Contract: SafeMath","with flag","div","","","divides correctly",""
"passed","Fri Apr 08 00:55:37 GMT 2022","Fri Apr 08 00:55:57 GMT 2022","19796","Contract: Governor","Settings update","setVotingPeriod to 0","","","run",""
"passed","Fri Apr 08 00:45:38 GMT 2022","Fri Apr 08 00:45:43 GMT 2022","4900","Contract: ERC1155Supply","after mint","single","","","exist",""
"skipped","Fri Apr 08 00:48:24 GMT 2022","Fri Apr 08 00:48:24 GMT 2022","0","Contract: ERC20VotesComp","Compound test suite","getPriorVotes","","","returns zero if < first checkpoint block",""
"passed","Fri Apr 08 00:45:13 GMT 2022","Fri Apr 08 00:45:16 GMT 2022","2605","Contract: Clones","cloneDeterministic","initialization with parameters > non payable > when not sending balance","","","initializes the proxy",""
"passed","Fri Apr 08 01:03:37 GMT 2022","Fri Apr 08 01:03:42 GMT 2022","4967","Contract: ERC721Enumerable","with minted tokens","transfers > via safeTransferFrom > without data > to a valid receiver contract > when called by the owner without an approved user","","","emits a Transfer event",""
"passed","Fri Apr 08 00:59:46 GMT 2022","Fri Apr 08 00:59:51 GMT 2022","4593","Contract: ERC721","with minted tokens","transfers > via safeTransferFrom > with data > to a valid receiver contract > when sent to the owner","","","keeps same tokens by index",""
"passed","Fri Apr 08 00:49:11 GMT 2022","Fri Apr 08 00:49:16 GMT 2022","5158","Contract: ERC20","withdraw","","","","valid",""
"passed","Fri Apr 08 00:51:47 GMT 2022","Fri Apr 08 00:51:49 GMT 2022","2177","Contract: ERC721PresetMinterPauserAutoId","","","","","token has correct name",""
"passed","Fri Apr 08 00:52:23 GMT 2022","Fri Apr 08 00:52:28 GMT 2022","4924","Contract: ERC721Enumerable","with minted tokens","transfers > via transferFrom > when called by the approved individual","","","adjusts owners tokens by index",""
"skipped","Fri Apr 08 00:43:14 GMT 2022","Fri Apr 08 00:43:14 GMT 2022","0","Contract: TimelockController","methods","operation hashing","","","hashOperationBatch",""
"passed","Fri Apr 08 00:59:42 GMT 2022","Fri Apr 08 00:59:46 GMT 2022","4245","Contract: ERC721","with minted tokens","transfers > via safeTransferFrom > with data > to a valid receiver contract > when sent to the owner","","","keeps the owner balance",""
"passed","Fri Apr 08 01:00:43 GMT 2022","Fri Apr 08 01:00:46 GMT 2022","3350","Contract: ERC721","with minted tokens","transfers > via safeTransferFrom > without data > to a user account > when called by the approved individual","","","emits an Approval event",""
"passed","Fri Apr 08 00:56:55 GMT 2022","Fri Apr 08 00:56:59 GMT 2022","3738","Contract: ERC721Enumerable","with minted tokens","transfers > via safeTransferFrom > with data > to a user account > when sent to the owner","","","keeps ownership of the token",""
"passed","Fri Apr 08 01:03:42 GMT 2022","Fri Apr 08 01:03:47 GMT 2022","5031","Contract: ERC721","with minted tokens","transfers > via safeTransferFrom > without data > to a valid receiver contract > when called by the owner without an approved user","","","emits a Transfer event",""
"passed","Fri Apr 08 00:54:17 GMT 2022","Fri Apr 08 00:54:19 GMT 2022","1239","Contract: SafeCast","toUint8","","","","downcasts 2^8 - 1 (255)",""
"passed","Fri Apr 08 00:42:58 GMT 2022","Fri Apr 08 00:43:00 GMT 2022","2552","Contract: PaymentSplitter","once deployed","shares","","","does not store shares if address is not payee",""
"passed","Fri Apr 08 00:53:12 GMT 2022","Fri Apr 08 00:53:13 GMT 2022","58","Contract: SignatureChecker (ERC1271)","ERC1271 wallet","","","","with matching signer and signature",""
"passed","Fri Apr 08 00:55:21 GMT 2022","Fri Apr 08 00:55:26 GMT 2022","4860","Contract: ERC721","with minted tokens","transfers > via safeTransferFrom > with data > to a user account > when called by the approved individual","","","transfers the ownership of the given token ID to the given address",""
"passed","Fri Apr 08 00:51:20 GMT 2022","Fri Apr 08 00:51:26 GMT 2022","5719","Contract: ERC1155","internal functions","_mint > with minted tokens","","","credits the minted amount of tokens",""
"passed","Fri Apr 08 00:53:12 GMT 2022","Fri Apr 08 00:53:12 GMT 2022","59","Contract: SignatureChecker (ERC1271)","EOA account","","","","with matching signer and signature",""
"passed","Fri Apr 08 01:02:47 GMT 2022","Fri Apr 08 01:02:51 GMT 2022","4433","Contract: ERC721","with minted tokens","transfers > via safeTransferFrom > without data > to a valid receiver contract > when called by the approved individual","","","emits a Transfer event",""
"passed","Fri Apr 08 00:57:44 GMT 2022","Fri Apr 08 00:57:48 GMT 2022","4666","Contract: ERC721Enumerable","with minted tokens","transfers > via safeTransferFrom > with data > to a valid receiver contract > when called by the owner","","","clears the approval for the token ID",""
"passed","Fri Apr 08 00:49:36 GMT 2022","Fri Apr 08 00:49:38 GMT 2022","1549","Contract: SafeERC20","with address that has no contract code","","","","reverts on increaseAllowance",""
"passed","Fri Apr 08 00:44:11 GMT 2022","Fri Apr 08 00:44:21 GMT 2022","10425","Contract: GovernorTimelockControl","Contract interface","Governor > COUNTING_MODE()","","","has to be implemented",""
"passed","Fri Apr 08 00:47:40 GMT 2022","Fri Apr 08 00:47:44 GMT 2022","4528","Contract: ERC20Burnable","burn","when the given amount is not greater than balance of the sender > for a non-zero amount","","","emits a transfer event",""
"passed","Fri Apr 08 00:53:39 GMT 2022","Fri Apr 08 00:53:46 GMT 2022","6810","Contract: RefundEscrow","once deployed","closed state","","","does not refund refundees",""
"passed","Fri Apr 08 00:44:32 GMT 2022","Fri Apr 08 00:44:46 GMT 2022","14785","Contract: GovernorTimelockControl","Contract interface","Governor > state(uint256)","","","has to be implemented",""
"passed","Fri Apr 08 00:42:55 GMT 2022","Fri Apr 08 00:43:02 GMT 2022","7454","Contract: VestingWallet","vesting schedule","ERC20 vesting","","","check vesting schedule",""
"passed","Fri Apr 08 00:46:49 GMT 2022","Fri Apr 08 00:47:04 GMT 2022","15325","Contract: GovernorTimelockControl","Contract interface","Governor > castVote(uint256,uint8)","","","has to be implemented",""
"skipped","Fri Apr 08 00:43:14 GMT 2022","Fri Apr 08 00:43:14 GMT 2022","0","Contract: TimelockController","maintenance","","","","prevent unauthorized maintenance",""
"passed","Fri Apr 08 00:54:21 GMT 2022","Fri Apr 08 00:54:40 GMT 2022","18340","Contract: ConditionalEscrow","when withdrawal is allowed","as an escrow > deposits","","","can track deposits to multiple accounts",""
"passed","Fri Apr 08 01:02:04 GMT 2022","Fri Apr 08 01:02:07 GMT 2022","2907","Contract: ERC721","with minted tokens","transfers > via safeTransferFrom > without data > to a user account > when the address to transfer the token to is the zero address","","","reverts",""
"passed","Fri Apr 08 00:50:50 GMT 2022","Fri Apr 08 00:50:55 GMT 2022","4888","Contract: ERC721Burnable","like a burnable ERC721","burn > when the given token ID was not tracked by this contract","","","reverts",""
"passed","Fri Apr 08 00:44:26 GMT 2022","Fri Apr 08 00:44:27 GMT 2022","1193","Contract: Initializable","basic testing without inheritance","before initialize","","","initializer has not run",""
"passed","Fri Apr 08 00:54:53 GMT 2022","Fri Apr 08 00:54:55 GMT 2022","1223","Contract: SignedSafeMath","div","","","","divides zero correctly",""
"passed","Fri Apr 08 00:48:02 GMT 2022","Fri Apr 08 00:48:15 GMT 2022","13097","Contract: TransparentUpgradeableProxy","regression","","","","should add fallback function",""
"passed","Fri Apr 08 00:50:53 GMT 2022","Fri Apr 08 00:51:04 GMT 2022","10819","Contract: ERC20","erc20 behaviour","transfer from > when the token owner is not the zero address > when the recipient is not the zero address > when the spender has enough approved balance > when the token owner has enough balance","","","emits a transfer event",""
"passed","Fri Apr 08 00:44:18 GMT 2022","Fri Apr 08 00:44:19 GMT 2022","1482","Contract: ERC1967Proxy","initialization without parameters","non payable > when not sending balance","","","initializes the proxy",""
"passed","Fri Apr 08 00:47:44 GMT 2022","Fri Apr 08 00:48:07 GMT 2022","23049","Contract: Governor","scenario","vote with signature","","","run",""
"passed","Fri Apr 08 00:54:38 GMT 2022","Fri Apr 08 00:54:40 GMT 2022","1984","Contract: SafeCast","toUint32","","","","reverts when downcasting 2^32 (4294967296)",""
"passed","Fri Apr 08 00:45:33 GMT 2022","Fri Apr 08 00:45:35 GMT 2022","2197","Contract: ERC1155Supply","before mint","","","","exist",""
"broken","Fri Apr 08 00:52:12 GMT 2022","Fri Apr 08 00:52:12 GMT 2022","1","Contract: ERC777PresetFixedSupply","","","","","""before all"" hook for ""returns the name""",""
"passed","Fri Apr 08 00:50:24 GMT 2022","Fri Apr 08 00:50:26 GMT 2022","2223","Contract: ERC721Enumerable","Contract interface","ERC721 > ownerOf(uint256)","","","has to be implemented",""
"passed","Fri Apr 08 00:48:26 GMT 2022","Fri Apr 08 00:48:29 GMT 2022","2835","Contract: ERC20","decrease allowance","when the spender is not the zero address > when the sender does not have enough balance > when the spender had an approved amount","","","emits an approval event",""
"passed","Fri Apr 08 00:51:51 GMT 2022","Fri Apr 08 00:52:08 GMT 2022","17224","Contract: Governor","state","Pending & Active","","","run",""
"passed","Fri Apr 08 00:55:26 GMT 2022","Fri Apr 08 00:55:28 GMT 2022","1667","Contract: SafeCast","toInt8","","","","downcasts 2^7 - 1 (127)",""
"passed","Fri Apr 08 00:44:42 GMT 2022","Fri Apr 08 00:44:47 GMT 2022","5119","Contract: ProxyAdmin","#getProxyImplementation","","","","call to invalid proxy",""
"passed","Fri Apr 08 00:43:40 GMT 2022","Fri Apr 08 00:43:44 GMT 2022","3904","Contract: MinimalForwarder","with message","verify > valid signature","","","success",""
"passed","Fri Apr 08 00:55:37 GMT 2022","Fri Apr 08 00:55:39 GMT 2022","1509","Contract: SafeMath","with custom revert message","mod > modulos correctly","","","when the dividend is equal to the divisor",""
"passed","Fri Apr 08 01:06:40 GMT 2022","Fri Apr 08 01:06:42 GMT 2022","1591","Contract: ERC721Enumerable","_mint(address, uint256)","with minted token","","","reverts when adding a token id that already exists",""
"passed","Fri Apr 08 00:46:45 GMT 2022","Fri Apr 08 00:46:49 GMT 2022","4041","Contract: ERC1155Holder","Contract interface","ERC165 > supportsInterface(bytes4)","","","has to be implemented",""
"passed","Fri Apr 08 00:56:33 GMT 2022","Fri Apr 08 00:56:34 GMT 2022","1258","Contract: SafeCast","toInt128","","","","reverts when downcasting 2^127 + 1 (170141183460469231731687303715884105729)",""
"passed","Fri Apr 08 00:51:50 GMT 2022","Fri Apr 08 00:51:52 GMT 2022","2553","Contract: ERC721URIStorage","token URI","","","","can be set for a token id",""
"passed","Fri Apr 08 01:01:55 GMT 2022","Fri Apr 08 01:01:58 GMT 2022","3065","Contract: ERC721","with minted tokens","transfers > via safeTransferFrom > without data > to a user account > when the address of the previous owner is incorrect","","","reverts",""
"passed","Fri Apr 08 00:52:51 GMT 2022","Fri Apr 08 00:52:58 GMT 2022","6977","Contract: Address","functionCall","with valid contract receiver","","","reverts when the called function reverts with no reason",""
"passed","Fri Apr 08 00:57:34 GMT 2022","Fri Apr 08 00:57:39 GMT 2022","4516","Contract: ERC721","with minted tokens","transfers > via safeTransferFrom > with data > to a valid receiver contract","","","calls onERC721Received from approved",""
"passed","Fri Apr 08 00:46:14 GMT 2022","Fri Apr 08 00:46:16 GMT 2022","2609","Contract: ERC1155PresetMinterPauser","Contract interface","ERC1155 > ERC165's supportsInterface(bytes4)","","","uses less than 30k gas [skip-on-coverage]",""
"passed","Fri Apr 08 00:47:48 GMT 2022","Fri Apr 08 00:47:51 GMT 2022","2704","Contract: ERC20","approve","when the spender is not the zero address > when the sender has enough balance","","","emits an approval event",""
"skipped","Fri Apr 08 00:48:27 GMT 2022","Fri Apr 08 00:48:27 GMT 2022","0","Contract: ERC20Votes","change delegation","","","","call",""
"passed","Fri Apr 08 00:51:49 GMT 2022","Fri Apr 08 00:51:51 GMT 2022","2115","Contract: ERC721PresetMinterPauserAutoId","","","","","token has correct symbol",""
"passed","Fri Apr 08 00:53:16 GMT 2022","Fri Apr 08 00:53:18 GMT 2022","2358","Contract: Address","functionCallWithValue","with non-zero value","","","reverts if insufficient sender balance",""
"passed","Fri Apr 08 00:49:48 GMT 2022","Fri Apr 08 00:49:57 GMT 2022","8936","Contract: ERC20","erc20 behaviour","balanceOf > when the requested account has no tokens","","","returns zero",""
"skipped","Fri Apr 08 00:43:14 GMT 2022","Fri Apr 08 00:43:14 GMT 2022","0","Contract: TimelockController","methods","batch > execute > with scheduled operation","","","revert if execution comes too early 1/2",""
"passed","Fri Apr 08 00:49:00 GMT 2022","Fri Apr 08 00:49:03 GMT 2022","2547","Contract: ERC20","increase allowance","when the spender is not the zero address > when the sender does not have enough balance > when the spender had an approved amount","","","increases the spender allowance adding the requested amount",""
"passed","Fri Apr 08 00:54:56 GMT 2022","Fri Apr 08 00:55:03 GMT 2022","7891","Contract: MulticallToken","","","","","returns an array with the result of each call",""
"skipped","Fri Apr 08 00:48:24 GMT 2022","Fri Apr 08 00:48:24 GMT 2022","0","Contract: ERC20VotesComp","set delegation","call","","","delegation without balance",""
"passed","Fri Apr 08 00:49:51 GMT 2022","Fri Apr 08 00:49:54 GMT 2022","2702","Contract: ERC20","_approve","when the spender is not the zero address > when the sender has enough balance","","","emits an approval event",""
"passed","Fri Apr 08 01:03:56 GMT 2022","Fri Apr 08 01:04:01 GMT 2022","4674","Contract: ERC721","with minted tokens","transfers > via safeTransferFrom > without data > to a valid receiver contract > when called by the owner without an approved user","","","adjusts owners balances",""
"passed","Fri Apr 08 01:06:03 GMT 2022","Fri Apr 08 01:06:05 GMT 2022","2218","Contract: ERC721Enumerable","with minted tokens","approve > when the given token ID does not exist","","","reverts",""
"passed","Fri Apr 08 00:48:16 GMT 2022","Fri Apr 08 00:48:21 GMT 2022","4257","Contract: ERC20","decrease allowance","when the spender is not the zero address > when the sender has enough balance > when the spender had an approved amount","","","decreases the spender allowance subtracting the requested amount",""
"passed","Fri Apr 08 01:01:46 GMT 2022","Fri Apr 08 01:01:49 GMT 2022","3404","Contract: ERC721Enumerable","with minted tokens","transfers > via safeTransferFrom > without data > to a user account > when sent to the owner","","","keeps the owner balance",""
"passed","Fri Apr 08 00:48:29 GMT 2022","Fri Apr 08 00:48:31 GMT 2022","2453","Contract: ERC20","decrease allowance","when the spender is not the zero address > when the sender does not have enough balance > when the spender had an approved amount","","","decreases the spender allowance subtracting the requested amount",""
"skipped","Fri Apr 08 00:43:14 GMT 2022","Fri Apr 08 00:43:14 GMT 2022","0","Contract: TimelockController","dependency","","","","can execute after dependency",""
"passed","Fri Apr 08 01:02:35 GMT 2022","Fri Apr 08 01:02:39 GMT 2022","4219","Contract: ERC721Enumerable","with minted tokens","transfers > via safeTransferFrom > without data > to a valid receiver contract > when called by the owner","","","adjusts owners tokens by index",""
"passed","Fri Apr 08 00:53:04 GMT 2022","Fri Apr 08 00:53:05 GMT 2022","1227","Contract: ECDSA","recover with valid signature","using web3.eth.sign","","","reverts with invalid signature",""
"passed","Fri Apr 08 01:01:58 GMT 2022","Fri Apr 08 01:02:01 GMT 2022","2862","Contract: ERC721Enumerable","with minted tokens","transfers > via safeTransferFrom > without data > to a user account > when the given token ID does not exist","","","reverts",""
"passed","Fri Apr 08 00:52:19 GMT 2022","Fri Apr 08 00:52:23 GMT 2022","4502","Contract: ERC721","with minted tokens","transfers > via transferFrom > when called by the approved individual","","","adjusts owners balances",""
"passed","Fri Apr 08 00:53:59 GMT 2022","Fri Apr 08 00:54:06 GMT 2022","6765","Contract: ERC165Checker","ERC165 supported","","","","does not support mock interface via getSupportedInterfaces",""
"passed","Fri Apr 08 01:01:39 GMT 2022","Fri Apr 08 01:01:42 GMT 2022","3653","Contract: ERC721Enumerable","with minted tokens","transfers > via safeTransferFrom > without data > to a user account > when sent to the owner","","","clears the approval for the token ID",""
"passed","Fri Apr 08 00:52:23 GMT 2022","Fri Apr 08 00:52:28 GMT 2022","5000","Contract: ERC20","erc20 behaviour","approve > when the spender is not the zero address > when the sender does not have enough balance > when the spender had an approved amount","","","approves the requested amount and replaces the previous one",""
"passed","Fri Apr 08 00:54:52 GMT 2022","Fri Apr 08 00:55:03 GMT 2022","10865","Contract: ERC721","with minted tokens","transfers > via safeTransferFrom > with data > to a user account > when called by the owner","","","clears the approval for the token ID",""
"passed","Fri Apr 08 00:57:06 GMT 2022","Fri Apr 08 00:57:10 GMT 2022","3934","Contract: ERC721Enumerable","with minted tokens","transfers > via safeTransferFrom > with data > to a user account > when sent to the owner","","","keeps the owner balance",""
"passed","Fri Apr 08 00:54:25 GMT 2022","Fri Apr 08 00:54:27 GMT 2022","1947","Contract: SafeCast","toUint16","","","","reverts when downcasting 2^16 (65536)",""
"passed","Fri Apr 08 00:50:32 GMT 2022","Fri Apr 08 00:50:33 GMT 2022","1307","Contract: ERC721Enumerable","Contract interface","ERC721 > isApprovedForAll(address,address)","","","has to be implemented",""
"passed","Fri Apr 08 01:00:27 GMT 2022","Fri Apr 08 01:00:30 GMT 2022","3320","Contract: ERC721Enumerable","with minted tokens","transfers > via safeTransferFrom > without data > to a user account > when called by the owner","","","adjusts owners tokens by index",""
"passed","Fri Apr 08 00:58:53 GMT 2022","Fri Apr 08 00:58:57 GMT 2022","4304","Contract: ERC721Enumerable","with minted tokens","transfers > via safeTransferFrom > with data > to a valid receiver contract > when called by the operator","","","adjusts owners tokens by index",""
"passed","Fri Apr 08 00:55:22 GMT 2022","Fri Apr 08 00:55:23 GMT 2022","1261","Contract: SafeCast","toInt8","","","","downcasts 1",""
"passed","Fri Apr 08 01:00:24 GMT 2022","Fri Apr 08 01:00:27 GMT 2022","3363","Contract: ERC721Enumerable","with minted tokens","transfers > via safeTransferFrom > without data > to a user account > when called by the owner","","","adjusts owners balances",""
"passed","Fri Apr 08 00:44:57 GMT 2022","Fri Apr 08 00:45:01 GMT 2022","3755","Contract: TransparentUpgradeableProxy","initialization without parameters","payable > when not sending balance","","","has expected balance",""
"passed","Fri Apr 08 00:45:22 GMT 2022","Fri Apr 08 00:45:32 GMT 2022","9897","Contract: GovernorTimelockControl","Contract interface","Governor > votingPeriod()","","","has to be implemented",""
"passed","Fri Apr 08 00:54:25 GMT 2022","Fri Apr 08 00:54:26 GMT 2022","1681","Contract: Math","ceilDiv","","","","does not overflow",""
"passed","Fri Apr 08 00:48:53 GMT 2022","Fri Apr 08 00:48:58 GMT 2022","4753","Contract: ERC1155","like an ERC1155","safeBatchTransferFrom > when called by an operator on behalf of the multiTokenHolder > when operator is not approved by multiTokenHolder","","","reverts",""
"passed","Fri Apr 08 00:44:56 GMT 2022","Fri Apr 08 00:44:59 GMT 2022","2669","Contract: UUPSUpgradeable","","","","","upgrade to and unsafe upgradeable implementation",""
"passed","Fri Apr 08 00:56:39 GMT 2022","Fri Apr 08 00:56:43 GMT 2022","4605","Contract: ERC721Enumerable","with minted tokens","transfers > via safeTransferFrom > with data > to a user account > when called by the owner without an approved user","","","clears the approval for the token ID",""
"passed","Fri Apr 08 01:00:18 GMT 2022","Fri Apr 08 01:00:22 GMT 2022","3397","Contract: ERC721","with minted tokens","transfers > via safeTransferFrom > without data > to a user account > when called by the owner","","","clears the approval for the token ID",""
"passed","Fri Apr 08 00:48:31 GMT 2022","Fri Apr 08 00:48:35 GMT 2022","3745","Contract: ERC20","decrease allowance","when the spender is not the zero address > when the sender does not have enough balance > when the spender had an approved amount","","","sets the allowance to zero when all allowance is removed",""
"passed","Fri Apr 08 01:00:53 GMT 2022","Fri Apr 08 01:00:56 GMT 2022","3392","Contract: ERC721","with minted tokens","transfers > via safeTransferFrom > without data > to a user account > when called by the operator","","","transfers the ownership of the given token ID to the given address",""
"passed","Fri Apr 08 01:06:00 GMT 2022","Fri Apr 08 01:06:03 GMT 2022","2874","Contract: ERC721","with minted tokens","approve > when the sender is an operator","","","sets the approval for the target address",""
"passed","Fri Apr 08 00:47:09 GMT 2022","Fri Apr 08 00:47:28 GMT 2022","18974","Contract: GovernorTimelockCompound","not queued","","","","run",""
"skipped","Fri Apr 08 00:48:24 GMT 2022","Fri Apr 08 00:48:24 GMT 2022","1","Contract: ERC20VotesComp","set delegation","with signature","","","rejects reused signature",""
"passed","Fri Apr 08 00:54:21 GMT 2022","Fri Apr 08 00:54:23 GMT 2022","2726","Contract: ERC165Checker","ERC165 and many interfaces supported","","","","supports each interfaceId via supportsInterface",""
"passed","Fri Apr 08 00:50:12 GMT 2022","Fri Apr 08 00:50:17 GMT 2022","5720","Contract: ERC20","erc20 behaviour","transfer > when the recipient is not the zero address > when the sender transfers all balance","","","emits a transfer event",""
"passed","Fri Apr 08 00:55:38 GMT 2022","Fri Apr 08 00:55:45 GMT 2022","6481","Contract: BitMap","setTo","","","","set several consecutive keys",""
"passed","Fri Apr 08 00:59:37 GMT 2022","Fri Apr 08 00:59:42 GMT 2022","5373","Contract: ERC721","with minted tokens","transfers > via safeTransferFrom > with data > to a valid receiver contract > when sent to the owner","","","emits only a transfer event",""
"passed","Fri Apr 08 00:51:03 GMT 2022","Fri Apr 08 00:51:22 GMT 2022","18740","Contract: Governor","scenario","score not reached","","","run",""
"passed","Fri Apr 08 00:53:24 GMT 2022","Fri Apr 08 00:53:27 GMT 2022","2770","Contract: ERC165Checker","ERC165 missing return data","","","","does not support mock interface via supportsInterface",""
"passed","Fri Apr 08 00:44:05 GMT 2022","Fri Apr 08 00:44:06 GMT 2022","1480","Contract: MinimalForwarder","with message","execute > invalid signature","","","tampered signature",""
"passed","Fri Apr 08 00:47:17 GMT 2022","Fri Apr 08 00:47:18 GMT 2022","1491","Contract: TransparentUpgradeableProxy","changeAdmin","when the new proposed admin is not the zero address > when the sender is not the admin","","","reverts",""
"passed","Fri Apr 08 00:45:11 GMT 2022","Fri Apr 08 00:45:13 GMT 2022","2319","Contract: PullPayment","payments","","","","can record an async payment correctly",""
"passed","Fri Apr 08 00:44:03 GMT 2022","Fri Apr 08 00:44:05 GMT 2022","1764","Contract: MinimalForwarder","with message","execute > invalid signature","","","tampered data",""
"passed","Fri Apr 08 00:53:23 GMT 2022","Fri Apr 08 00:53:31 GMT 2022","8732","Contract: Address","functionCallWithValue","with non-zero value","","","calls the requested function with transaction funds",""
"passed","Fri Apr 08 00:52:29 GMT 2022","Fri Apr 08 00:52:35 GMT 2022","5836","Contract: ERC721","with minted tokens","transfers > via transferFrom > when called by the operator","","","transfers the ownership of the given token ID to the given address",""
"passed","Fri Apr 08 00:53:52 GMT 2022","Fri Apr 08 00:53:58 GMT 2022","5883","Contract: ERC721","with minted tokens","transfers > via transferFrom > when sent to the owner","","","clears the approval for the token ID",""
"passed","Fri Apr 08 00:44:30 GMT 2022","Fri Apr 08 00:44:33 GMT 2022","2758","Contract: ERC1967Proxy","initialization with parameters","payable > when not sending balance","","","has expected balance",""
"passed","Fri Apr 08 00:48:36 GMT 2022","Fri Apr 08 00:49:01 GMT 2022","25678","Contract: Governor","scenario","receiver revert without reason","","","run",""
"broken","Fri Apr 08 00:45:34 GMT 2022","Fri Apr 08 00:45:34 GMT 2022","0","tests.brownie.token.tests","test_approve","","","","test_approve_self",""
"passed","Fri Apr 08 00:45:58 GMT 2022","Fri Apr 08 00:46:04 GMT 2022","6240","Contract: TransparentUpgradeableProxy","upgradeToAndCall","without migrations > when the call does not fail > when the sender is the admin","","","calls the initializer function",""
"passed","Fri Apr 08 01:05:56 GMT 2022","Fri Apr 08 01:05:58 GMT 2022","2005","Contract: ERC721","with minted tokens","approve > when the sender does not own the given token ID","","","reverts",""
"passed","Fri Apr 08 00:45:22 GMT 2022","Fri Apr 08 00:45:25 GMT 2022","2946","Contract: Pausable","when unpaused","when paused > unpausing > when unpaused","","","should prevent drastic measure",""
"passed","Fri Apr 08 00:47:28 GMT 2022","Fri Apr 08 00:47:53 GMT 2022","25304","Contract: GovernorTimelockCompound","to early","","","","run",""
"passed","Fri Apr 08 00:55:23 GMT 2022","Fri Apr 08 00:55:25 GMT 2022","1275","Contract: SafeCast","toInt8","","","","downcasts -1",""
"passed","Fri Apr 08 00:46:49 GMT 2022","Fri Apr 08 00:46:52 GMT 2022","3799","Contract: ERC1155Holder","Contract interface","ERC1155Receiver > ERC165's supportsInterface(bytes4)","","","uses less than 30k gas [skip-on-coverage]",""
"passed","Fri Apr 08 01:00:44 GMT 2022","Fri Apr 08 01:00:48 GMT 2022","3402","Contract: ERC721Enumerable","with minted tokens","transfers > via safeTransferFrom > without data > to a user account > when called by the approved individual","","","adjusts owners balances",""
"skipped","Fri Apr 08 00:54:50 GMT 2022","Fri Apr 08 00:54:50 GMT 2022","1","Contract: Governor","Proposal length","","","","empty",""
"passed","Fri Apr 08 00:45:36 GMT 2022","Fri Apr 08 00:45:53 GMT 2022","16796","Contract: Governor","Contract interface","Governor > quorum(uint256)","","","has to be implemented",""
"passed","Fri Apr 08 00:42:50 GMT 2022","Fri Apr 08 00:42:51 GMT 2022","913","Contract: Ownable","renounce ownership","","","","prevents non-owners from renouncement",""
"passed","Fri Apr 08 00:53:58 GMT 2022","Fri Apr 08 00:54:10 GMT 2022","12259","Contract: ERC721","with minted tokens","transfers > via transferFrom > when sent to the owner","","","emits only a transfer event",""
"passed","Fri Apr 08 01:04:01 GMT 2022","Fri Apr 08 01:04:05 GMT 2022","4092","Contract: ERC721Enumerable","with minted tokens","transfers > via safeTransferFrom > without data > to a valid receiver contract > when sent to the owner","","","keeps ownership of the token",""
"passed","Fri Apr 08 00:46:51 GMT 2022","Fri Apr 08 00:46:54 GMT 2022","2502","Contract: ERC1155PresetMinterPauser","Contract interface","AccessControlEnumerable > ERC165's supportsInterface(bytes4)","","","claims support [skip-on-coverage]",""
"passed","Fri Apr 08 00:54:20 GMT 2022","Fri Apr 08 00:54:23 GMT 2022","3350","Contract: RefundEscrow","once deployed","refund state","","","prevents re-entering the refund state",""
"failed","Fri Apr 08 00:48:14 GMT 2022","Fri Apr 08 00:48:14 GMT 2022","0","Contract: GovernorTimelockCompound","to late","","","","""after each"" hook for ""run""",""
"passed","Fri Apr 08 01:06:43 GMT 2022","Fri Apr 08 01:06:45 GMT 2022","2485","Contract: ERC721Enumerable","_burn","with minted tokens > with burnt token","","","emits a Transfer event",""
"passed","Fri Apr 08 00:49:33 GMT 2022","Fri Apr 08 00:49:38 GMT 2022","4637","Contract: ERC1155","like an ERC1155","safeBatchTransferFrom > when sending to a valid receiver > without data","","","emits a TransferBatch log",""
"passed","Fri Apr 08 00:45:11 GMT 2022","Fri Apr 08 00:45:13 GMT 2022","2600","Contract: Clones","cloneDeterministic","initialization without parameters > payable > when sending some balance","","","has expected balance",""
"passed","Fri Apr 08 00:49:55 GMT 2022","Fri Apr 08 00:49:59 GMT 2022","3428","Contract: SafeERC20","with token that returns false on all calls","","","","reverts on decreaseAllowance",""
"passed","Fri Apr 08 00:46:27 GMT 2022","Fri Apr 08 00:46:30 GMT 2022","3055","Contract: ERC1155PresetMinterPauser","Contract interface","ERC1155 > isApprovedForAll(address,address)","","","has to be implemented",""
"passed","Fri Apr 08 00:57:25 GMT 2022","Fri Apr 08 00:57:29 GMT 2022","3743","Contract: ERC721","with minted tokens","transfers > via safeTransferFrom > with data > to a user account > when the address to transfer the token to is the zero address","","","reverts",""
"passed","Fri Apr 08 00:53:56 GMT 2022","Fri Apr 08 00:53:59 GMT 2022","3467","Contract: ERC165Checker","ERC165 supported","","","","does not support mock interface via supportsAllInterfaces",""
"broken","Fri Apr 08 00:50:05 GMT 2022","Fri Apr 08 00:50:08 GMT 2022","2971","Contract: TokenTimelock","with token","once deployed","","","can be released after time limit",""
"passed","Fri Apr 08 00:49:13 GMT 2022","Fri Apr 08 00:49:17 GMT 2022","4918","Contract: ERC1155","like an ERC1155","safeBatchTransferFrom > when called by an operator on behalf of the multiTokenHolder > when operator is approved by multiTokenHolder","","","preserves operator's balances not involved in the transfer",""
"passed","Fri Apr 08 00:52:10 GMT 2022","Fri Apr 08 00:52:19 GMT 2022","8607","Contract: ERC721Enumerable","with minted tokens","transfers > via transferFrom > when called by the approved individual","","","emits an Approval event",""
"passed","Fri Apr 08 00:47:32 GMT 2022","Fri Apr 08 00:47:41 GMT 2022","8855","Contract: ERC1155","like an ERC1155","safeTransferFrom > when sending to a valid receiver > without data","","","calls onERC1155Received",""
"passed","Fri Apr 08 00:53:41 GMT 2022","Fri Apr 08 00:53:46 GMT 2022","4648","Contract: ERC165Checker","ERC165 not supported","","","","does not support mock interface via supportsInterface",""
"passed","Fri Apr 08 01:00:59 GMT 2022","Fri Apr 08 01:01:03 GMT 2022","3768","Contract: ERC721","with minted tokens","transfers > via safeTransferFrom > without data > to a user account > when called by the operator","","","clears the approval for the token ID",""
"passed","Fri Apr 08 00:53:50 GMT 2022","Fri Apr 08 00:53:53 GMT 2022","3696","Contract: ERC721Enumerable","with minted tokens","transfers > via transferFrom > when sent to the owner","","","keeps ownership of the token",""
"passed","Fri Apr 08 01:02:12 GMT 2022","Fri Apr 08 01:02:16 GMT 2022","4173","Contract: ERC721","with minted tokens","transfers > via safeTransferFrom > without data > to a valid receiver contract","","","calls onERC721Received from approved",""
"passed","Fri Apr 08 00:56:07 GMT 2022","Fri Apr 08 00:56:11 GMT 2022","3344","Contract: TimersBlockNumber","","","","","fast forward",""
"skipped","Fri Apr 08 00:44:54 GMT 2022","Fri Apr 08 00:44:54 GMT 2022","0","Contract: TransparentUpgradeableProxy","initialization without parameters","payable > when not sending balance","","","sets the implementation address",""
"passed","Fri Apr 08 00:55:57 GMT 2022","Fri Apr 08 00:56:09 GMT 2022","11888","Contract: BitMap","unset","","","","removes consecutive added keys",""
"passed","Fri Apr 08 00:53:04 GMT 2022","Fri Apr 08 00:53:08 GMT 2022","3864","Contract: ERC721Enumerable","with minted tokens","transfers > via transferFrom > when called by the operator","","","adjusts owners tokens by index",""
"passed","Fri Apr 08 00:57:25 GMT 2022","Fri Apr 08 00:57:30 GMT 2022","4930","Contract: ERC721Enumerable","with minted tokens","transfers > via safeTransferFrom > with data > to a valid receiver contract","","","calls onERC721Received",""
"passed","Fri Apr 08 00:50:56 GMT 2022","Fri Apr 08 00:51:20 GMT 2022","23499","Contract: GovernorTimelockControl","cancel after queue prevents execution","","","","run",""
"passed","Fri Apr 08 00:55:37 GMT 2022","Fri Apr 08 00:55:39 GMT 2022","2420","Contract: StorageSlot","uint256 storage slot","get","","","from other slot",""
"passed","Fri Apr 08 01:00:51 GMT 2022","Fri Apr 08 01:00:54 GMT 2022","3278","Contract: ERC721Enumerable","with minted tokens","transfers > via safeTransferFrom > without data > to a user account > when called by the operator","","","transfers the ownership of the given token ID to the given address",""
"passed","Fri Apr 08 00:50:22 GMT 2022","Fri Apr 08 00:50:28 GMT 2022","5695","Contract: SafeERC20","with token that returns true on all calls","approvals > with non-zero allowance","","","reverts when approving a non-zero allowance",""
"passed","Fri Apr 08 00:54:51 GMT 2022","Fri Apr 08 00:54:52 GMT 2022","1060","Contract: SafeCast","toUint96","","","","downcasts 2^96 - 1 (79228162514264337593543950335)",""
"passed","Fri Apr 08 00:55:47 GMT 2022","Fri Apr 08 00:55:49 GMT 2022","2589","Contract: BitMap","set","","","","adds several keys",""
"passed","Fri Apr 08 00:49:36 GMT 2022","Fri Apr 08 00:49:37 GMT 2022","1329","Contract: ERC20PresetMinterPauser","pausing","","","","other accounts cannot pause",""
"passed","Fri Apr 08 00:52:59 GMT 2022","Fri Apr 08 00:53:02 GMT 2022","3165","Contract: ECDSA","recover with valid signature","using web3.eth.sign","","","returns signer address with correct signature",""
"passed","Fri Apr 08 00:51:40 GMT 2022","Fri Apr 08 00:51:43 GMT 2022","2924","Contract: ERC721Pausable","when token is paused","isApprovedForAll","","","returns the approval of the operator",""
"passed","Fri Apr 08 00:43:30 GMT 2022","Fri Apr 08 00:43:36 GMT 2022","5835","Contract: ERC2771Context","when called directly","msgData","","","returns the transaction data when called from an EOA",""
"passed","Fri Apr 08 00:50:13 GMT 2022","Fri Apr 08 00:50:15 GMT 2022","1992","Contract: ERC721Enumerable","Contract interface","ERC165 > ERC165's supportsInterface(bytes4)","","","uses less than 30k gas [skip-on-coverage]",""
"passed","Fri Apr 08 01:02:26 GMT 2022","Fri Apr 08 01:02:31 GMT 2022","4501","Contract: ERC721Enumerable","with minted tokens","transfers > via safeTransferFrom > without data > to a valid receiver contract > when called by the owner","","","emits an Approval event",""
"passed","Fri Apr 08 00:53:10 GMT 2022","Fri Apr 08 00:53:11 GMT 2022","1333","Contract: MerkleProof","verify","","","","returns false for an invalid Merkle proof",""
"passed","Fri Apr 08 00:47:19 GMT 2022","Fri Apr 08 00:47:22 GMT 2022","2641","Contract: ERC20","transfer from","when the token owner is not the zero address > when the recipient is not the zero address > when the spender has enough approved balance > when the token owner has enough balance","","","transfers the requested amount",""
"passed","Fri Apr 08 01:07:03 GMT 2022","Fri Apr 08 01:07:05 GMT 2022","1227","Contract: ERC721","metadata","","","","has a symbol",""
"passed","Fri Apr 08 00:55:26 GMT 2022","Fri Apr 08 00:55:32 GMT 2022","6054","Contract: ConditionalEscrow","when withdrawal is disallowed","","","","reverts on withdrawals",""
"skipped","Fri Apr 08 00:45:17 GMT 2022","Fri Apr 08 00:45:17 GMT 2022","0","Contract: TransparentUpgradeableProxy","initialization with parameters","payable > when not sending balance","","","sets the implementation address",""
"passed","Fri Apr 08 00:51:04 GMT 2022","Fri Apr 08 00:51:09 GMT 2022","4968","Contract: ERC721Enumerable","with minted tokens","transfers > via transferFrom > when called by the owner","","","transfers the ownership of the given token ID to the given address",""
"passed","Fri Apr 08 00:50:11 GMT 2022","Fri Apr 08 00:50:25 GMT 2022","14703","Contract: Governor","scenario","Invalid vote type","","","run",""
"passed","Fri Apr 08 00:49:20 GMT 2022","Fri Apr 08 00:49:34 GMT 2022","13849","Contract: Governor","scenario","missing proposal","","","run",""
"passed","Fri Apr 08 00:56:13 GMT 2022","Fri Apr 08 00:56:15 GMT 2022","2200","Contract: EnumerableMap","read","get","","","existing value",""
"passed","Fri Apr 08 00:48:57 GMT 2022","Fri Apr 08 00:48:59 GMT 2022","1490","Contract: ERC20Snapshot","balanceOfAt","","","","reverts with a snapshot id of 0",""
"passed","Fri Apr 08 01:05:18 GMT 2022","Fri Apr 08 01:05:21 GMT 2022","2797","Contract: ERC721","with minted tokens","safe mint > via safeMint > to a receiver contract that reverts without message","","","reverts",""
"passed","Fri Apr 08 00:49:14 GMT 2022","Fri Apr 08 00:49:16 GMT 2022","1708","Contract: ERC20PresetMinterPauser","","","","","deployer has the minter role",""
"passed","Fri Apr 08 00:52:35 GMT 2022","Fri Apr 08 00:52:37 GMT 2022","1874","Contract: ERC721PresetMinterPauserAutoId","Contract interface","AccessControl > hasRole(bytes32,address)","","","has to be implemented",""
"passed","Fri Apr 08 00:51:14 GMT 2022","Fri Apr 08 00:51:28 GMT 2022","14287","Contract: ERC721Enumerable","with minted tokens","transfers > via transferFrom > when called by the owner","","","clears the approval for the token ID",""
"passed","Fri Apr 08 01:01:08 GMT 2022","Fri Apr 08 01:01:12 GMT 2022","4154","Contract: ERC721Enumerable","with minted tokens","transfers > via safeTransferFrom > without data > to a user account > when called by the operator","","","adjusts owners tokens by index",""
"passed","Fri Apr 08 00:50:42 GMT 2022","Fri Apr 08 00:50:50 GMT 2022","7934","Contract: ERC721Burnable","like a burnable ERC721","burn > when there is a previous approval burned > getApproved","","","reverts",""
"passed","Fri Apr 08 00:53:49 GMT 2022","Fri Apr 08 00:53:53 GMT 2022","3198","Contract: RefundEscrow","once deployed","closed state","","","prevents entering the refund state",""
"passed","Fri Apr 08 00:59:04 GMT 2022","Fri Apr 08 00:59:09 GMT 2022","4988","Contract: ERC721","with minted tokens","transfers > via safeTransferFrom > with data > to a valid receiver contract > when called by the owner without an approved user","","","emits a Transfer event",""
"passed","Fri Apr 08 01:01:01 GMT 2022","Fri Apr 08 01:01:04 GMT 2022","3221","Contract: ERC721Enumerable","with minted tokens","transfers > via safeTransferFrom > without data > to a user account > when called by the operator","","","emits an Approval event",""
"passed","Fri Apr 08 00:54:50 GMT 2022","Fri Apr 08 00:54:51 GMT 2022","1527","Contract: SignedSafeMath","mul","","","","reverts on multiplication overflow, positive operands",""
"passed","Fri Apr 08 00:44:10 GMT 2022","Fri Apr 08 00:44:10 GMT 2022","108","Contract: ERC1967Proxy","","","","","cannot be initialized with a non-contract address",""
"passed","Fri Apr 08 01:02:43 GMT 2022","Fri Apr 08 01:02:47 GMT 2022","4285","Contract: ERC721","with minted tokens","transfers > via safeTransferFrom > without data > to a valid receiver contract > when called by the approved individual","","","transfers the ownership of the given token ID to the given address",""
"passed","Fri Apr 08 01:07:49 GMT 2022","Fri Apr 08 01:07:50 GMT 2022","1335","Contract: ERC721Enumerable","_burn","","","","reverts when burning a non-existent token id",""
"broken","Fri Apr 08 00:45:34 GMT 2022","Fri Apr 08 00:45:34 GMT 2022","0","tests.brownie.token.tests","test_approve","","","","test_revoke_approve",""
"passed","Fri Apr 08 00:43:55 GMT 2022","Fri Apr 08 00:43:55 GMT 2022","2","migrate-imports.js","","","","","every new path exists",""
"passed","Fri Apr 08 00:48:22 GMT 2022","Fri Apr 08 00:48:25 GMT 2022","3385","Contract: ERC20Pausable","pausable token","transfer","","","allows to transfer when paused and then unpaused",""
"passed","Fri Apr 08 00:46:04 GMT 2022","Fri Apr 08 00:46:07 GMT 2022","3587","Contract: ERC1155Supply","after burn","single","","","totalSupply",""
"passed","Fri Apr 08 00:50:28 GMT 2022","Fri Apr 08 00:50:30 GMT 2022","1631","Contract: ERC721","Contract interface","ERC721 > approve(address,uint256)","","","has to be implemented",""
"skipped","Fri Apr 08 00:43:14 GMT 2022","Fri Apr 08 00:43:14 GMT 2022","0","Contract: TimelockController","methods","simple > execute > with scheduled operation","","","revert if execution comes too early 2/2",""
"passed","Fri Apr 08 00:50:39 GMT 2022","Fri Apr 08 00:50:43 GMT 2022","3487","Contract: ERC721","with minted tokens","balanceOf > when the given address owns some tokens","","","returns the amount of tokens owned by the given address",""
"passed","Fri Apr 08 00:55:49 GMT 2022","Fri Apr 08 00:55:53 GMT 2022","3301","Contract: BitMap","set","","","","adds several consecutive keys",""
"passed","Fri Apr 08 00:56:14 GMT 2022","Fri Apr 08 00:56:18 GMT 2022","3868","Contract: ERC721","with minted tokens","transfers > via safeTransferFrom > with data > to a user account > when called by the operator","","","clears the approval for the token ID",""
"skipped","Fri Apr 08 00:46:08 GMT 2022","Fri Apr 08 00:46:08 GMT 2022","0","Contract: TransparentUpgradeableProxy","upgradeToAndCall","without migrations > when the call does not fail > when the sender is the admin","","","uses the storage of the proxy",""
"skipped","Fri Apr 08 00:48:24 GMT 2022","Fri Apr 08 00:48:24 GMT 2022","0","Contract: ERC20VotesComp","Compound test suite","getPriorVotes","","","returns the latest block if >= last checkpoint block",""
"passed","Fri Apr 08 00:52:44 GMT 2022","Fri Apr 08 00:52:46 GMT 2022","2566","Contract: Create2","deploy","","","","deploys a ERC1820Implementer from inline assembly code",""
"passed","Fri Apr 08 00:43:07 GMT 2022","Fri Apr 08 00:43:13 GMT 2022","6378","Contract: PaymentSplitter","once deployed","release > Token","","","reverts if no funds to claim",""
"passed","Fri Apr 08 00:54:43 GMT 2022","Fri Apr 08 00:54:45 GMT 2022","1761","Contract: SafeMath","with flag","div","","","divides zero correctly",""
"passed","Fri Apr 08 00:46:05 GMT 2022","Fri Apr 08 00:46:13 GMT 2022","8098","Contract: Governor","Contract interface","Governor > hasVoted(uint256,address)","","","has to be implemented",""
"passed","Fri Apr 08 00:53:13 GMT 2022","Fri Apr 08 00:53:13 GMT 2022","131","Contract: SignatureChecker (ERC1271)","ERC1271 wallet","","","","with invalid signer",""
"passed","Fri Apr 08 00:55:53 GMT 2022","Fri Apr 08 00:55:55 GMT 2022","1500","Contract: SafeCast","toInt32","","","","downcasts -2^31 (-2147483648)",""
"passed","Fri Apr 08 00:52:17 GMT 2022","Fri Apr 08 00:52:19 GMT 2022","2439","Contract: ERC1155","ERC1155MetadataURI","_setURI","","","sets the new URI for all token types",""
"passed","Fri Apr 08 01:03:10 GMT 2022","Fri Apr 08 01:03:14 GMT 2022","4430","Contract: ERC721Enumerable","with minted tokens","transfers > via safeTransferFrom > without data > to a valid receiver contract > when called by the operator","","","emits a Transfer event",""
"passed","Fri Apr 08 00:47:35 GMT 2022","Fri Apr 08 00:47:38 GMT 2022","2672","Contract: ERC20Capped","once deployed","capped token","","","starts with the correct cap",""
"passed","Fri Apr 08 00:56:27 GMT 2022","Fri Apr 08 00:56:31 GMT 2022","3475","Contract: ERC721Enumerable","with minted tokens","transfers > via safeTransferFrom > with data > to a user account > when called by the operator","","","adjusts owners tokens by index",""
"passed","Fri Apr 08 00:44:48 GMT 2022","Fri Apr 08 00:44:51 GMT 2022","2982","Contract: Clones","cloneDeterministic","","","","address already used",""
"passed","Fri Apr 08 00:55:07 GMT 2022","Fri Apr 08 00:55:15 GMT 2022","8010","Contract: ERC721","with minted tokens","transfers > via safeTransferFrom > with data > to a user account > when called by the owner","","","adjusts owners balances",""
"passed","Fri Apr 08 00:55:19 GMT 2022","Fri Apr 08 00:55:20 GMT 2022","1328","Contract: SafeMath","with default revert message","mod > modulos correctly","","","when the dividend is larger than the divisor",""
"passed","Fri Apr 08 00:52:42 GMT 2022","Fri Apr 08 00:52:44 GMT 2022","1548","Contract: Create2","computeAddress","","","","computes the correct contract address with deployer",""
"passed","Fri Apr 08 00:54:17 GMT 2022","Fri Apr 08 00:54:22 GMT 2022","4701","Contract: ERC721Enumerable","with minted tokens","transfers > via transferFrom > when sent to the owner","","","keeps same tokens by index",""
"passed","Fri Apr 08 00:45:46 GMT 2022","Fri Apr 08 00:45:54 GMT 2022","8122","Contract: ERC1155Pausable","when token is paused","","","","reverts when trying to safeBatchTransferFrom from holder",""
"passed","Fri Apr 08 00:53:56 GMT 2022","Fri Apr 08 00:54:04 GMT 2022","8079","Contract: RefundEscrow","once deployed","refund state","","","rejects deposits",""
"skipped","Fri Apr 08 00:43:14 GMT 2022","Fri Apr 08 00:43:14 GMT 2022","0","Contract: TimelockController","methods","batch > execute > with scheduled operation","","","revert if execution comes too early 2/2",""
"passed","Fri Apr 08 00:48:11 GMT 2022","Fri Apr 08 00:48:16 GMT 2022","5298","Contract: ERC20","decrease allowance","when the spender is not the zero address > when the sender has enough balance > when the spender had an approved amount","","","emits an approval event",""
"passed","Fri Apr 08 01:00:22 GMT 2022","Fri Apr 08 01:00:26 GMT 2022","4141","Contract: ERC721","with minted tokens","transfers > via safeTransferFrom > without data > to a user account > when called by the owner","","","emits an Approval event",""
"skipped","Fri Apr 08 00:48:24 GMT 2022","Fri Apr 08 00:48:24 GMT 2022","0","Contract: ERC20VotesComp","getPastTotalSupply","","","","reverts if block number >= current block",""
"passed","Fri Apr 08 00:55:16 GMT 2022","Fri Apr 08 00:55:18 GMT 2022","2165","Contract: Strings","from uint256 - hex format","","","","converts a positive number",""
"passed","Fri Apr 08 00:50:33 GMT 2022","Fri Apr 08 00:50:35 GMT 2022","1630","Contract: ERC721Enumerable","Contract interface","ERC721 > transferFrom(address,address,uint256)","","","has to be implemented",""
"passed","Fri Apr 08 01:00:11 GMT 2022","Fri Apr 08 01:00:15 GMT 2022","3739","Contract: ERC721","with minted tokens","transfers > via safeTransferFrom > without data > to a user account > when called by the owner","","","transfers the ownership of the given token ID to the given address",""
"passed","Fri Apr 08 00:44:50 GMT 2022","Fri Apr 08 00:44:52 GMT 2022","2939","Contract: TransparentUpgradeableProxy","initialization without parameters","non payable > when not sending balance","","","has expected balance",""
"passed","Fri Apr 08 00:50:29 GMT 2022","Fri Apr 08 00:50:30 GMT 2022","1744","Contract: ERC721Enumerable","Contract interface","ERC721 > getApproved(uint256)","","","has to be implemented",""
"passed","Fri Apr 08 00:53:56 GMT 2022","Fri Apr 08 00:54:23 GMT 2022","26977","Contract: Governor","Cancel","After deadline","","","run",""
"failed","Fri Apr 08 00:56:20 GMT 2022","Fri Apr 08 00:56:25 GMT 2022","4564","Contract: TimersTimestamp","","","","","fast forward",""
"passed","Fri Apr 08 00:59:28 GMT 2022","Fri Apr 08 00:59:32 GMT 2022","4286","Contract: ERC721","with minted tokens","transfers > via safeTransferFrom > with data > to a valid receiver contract > when sent to the owner","","","keeps ownership of the token",""
"passed","Fri Apr 08 00:45:35 GMT 2022","Fri Apr 08 00:45:38 GMT 2022","2385","Contract: ERC1155Supply","before mint","","","","totalSupply",""
"passed","Fri Apr 08 00:54:40 GMT 2022","Fri Apr 08 00:54:50 GMT 2022","10138","Contract: ConditionalEscrow","when withdrawal is allowed","as an escrow > withdrawals","","","can withdraw payments",""
"passed","Fri Apr 08 00:46:19 GMT 2022","Fri Apr 08 00:46:25 GMT 2022","5856","Contract: TransparentUpgradeableProxy","upgradeToAndCall","with migrations > when the sender is the admin > when upgrading to V1","","","calls the 'initialize' function and sends given value to the proxy",""
"passed","Fri Apr 08 00:52:49 GMT 2022","Fri Apr 08 00:52:55 GMT 2022","5351","Contract: ERC721PresetMinterPauserAutoId","minting","","","","deployer can mint tokens",""
"passed","Fri Apr 08 00:44:26 GMT 2022","Fri Apr 08 00:44:27 GMT 2022","1197","Contract: ERC1967Proxy","initialization with parameters","non payable > when not sending balance","","","initializes the proxy",""
"passed","Fri Apr 08 00:45:37 GMT 2022","Fri Apr 08 00:45:46 GMT 2022","8945","Contract: ERC1155Pausable","when token is paused","","","","reverts when trying to safeTransferFrom from operator",""
"passed","Fri Apr 08 00:55:09 GMT 2022","Fri Apr 08 00:55:11 GMT 2022","2637","Contract: Strings","from uint256 - decimal format","","","","converts 0",""
"passed","Fri Apr 08 00:42:44 GMT 2022","Fri Apr 08 00:42:46 GMT 2022","1671","Contract: Ownable","transfer ownership","","","","changes owner after transfer",""
"passed","Fri Apr 08 00:46:03 GMT 2022","Fri Apr 08 00:46:11 GMT 2022","7576","Contract: GovernorTimelockCompound","Contract interface","GovernorTimelock > ERC165's supportsInterface(bytes4)","","","uses less than 30k gas [skip-on-coverage]",""
"passed","Fri Apr 08 00:45:12 GMT 2022","Fri Apr 08 00:45:22 GMT 2022","10226","Contract: GovernorTimelockControl","Contract interface","Governor > votingDelay()","","","has to be implemented",""
"passed","Fri Apr 08 00:46:05 GMT 2022","Fri Apr 08 00:46:16 GMT 2022","11098","Contract: GovernorTimelockControl","Contract interface","Governor > hasVoted(uint256,address)","","","has to be implemented",""
"passed","Fri Apr 08 00:55:43 GMT 2022","Fri Apr 08 00:55:44 GMT 2022","1475","Contract: SafeCast","toInt16","","","","downcasts 2^15 - 1 (32767)",""
"passed","Fri Apr 08 00:48:42 GMT 2022","Fri Apr 08 00:48:49 GMT 2022","7521","Contract: ERC1155","like an ERC1155","safeBatchTransferFrom > when called by the multiTokenHolder","","","credits transferred balances to receiver",""
"passed","Fri Apr 08 00:42:55 GMT 2022","Fri Apr 08 00:42:56 GMT 2022","1219","Contract: AccessControl","default admin","","","","default admin role's admin is itself",""
"passed","Fri Apr 08 00:45:01 GMT 2022","Fri Apr 08 00:45:04 GMT 2022","3482","Contract: TransparentUpgradeableProxy","initialization without parameters","payable > when sending some balance","","","initializes the proxy",""
"passed","Fri Apr 08 00:52:37 GMT 2022","Fri Apr 08 00:52:39 GMT 2022","1581","Contract: ERC721PresetMinterPauserAutoId","Contract interface","AccessControl > getRoleAdmin(bytes32)","","","has to be implemented",""
"passed","Fri Apr 08 00:51:00 GMT 2022","Fri Apr 08 00:51:04 GMT 2022","3729","Contract: ERC721","with minted tokens","ownerOf > when the given token ID was not tracked by this token","","","reverts",""
"passed","Fri Apr 08 00:52:33 GMT 2022","Fri Apr 08 00:52:35 GMT 2022","1887","Contract: ERC721PresetMinterPauserAutoId","Contract interface","AccessControl > ERC165's supportsInterface(bytes4)","","","claims support [skip-on-coverage]",""
"passed","Fri Apr 08 00:51:43 GMT 2022","Fri Apr 08 00:51:45 GMT 2022","1990","Contract: ERC1155","internal functions","_burn","","","reverts when burning more than available tokens",""
"passed","Fri Apr 08 01:04:38 GMT 2022","Fri Apr 08 01:04:42 GMT 2022","3781","Contract: ERC721","with minted tokens","transfers > via safeTransferFrom > without data > to a valid receiver contract > when the address to transfer the token to is the zero address","","","reverts",""
"passed","Fri Apr 08 00:44:02 GMT 2022","Fri Apr 08 00:44:10 GMT 2022","7566","Contract: Governor","Contract interface","Governor > ERC165's supportsInterface(bytes4)","","","claims support [skip-on-coverage]",""
"passed","Fri Apr 08 01:05:28 GMT 2022","Fri Apr 08 01:05:31 GMT 2022","2451","Contract: ERC721","with minted tokens","approve > when clearing approval > when there was no prior approval","","","emits an approval event",""
"passed","Fri Apr 08 01:07:05 GMT 2022","Fri Apr 08 01:07:08 GMT 2022","2513","Contract: ERC721Enumerable","metadata","token URI > base URI","","","base URI can be set",""
"passed","Fri Apr 08 00:46:37 GMT 2022","Fri Apr 08 00:46:41 GMT 2022","4398","Contract: ERC1155","like an ERC1155","safeTransferFrom > when called by an operator on behalf of the multiTokenHolder > when operator is not approved by multiTokenHolder","","","reverts",""
"passed","Fri Apr 08 01:04:59 GMT 2022","Fri Apr 08 01:05:02 GMT 2022","2993","Contract: ERC721Enumerable","with minted tokens","transfers > via safeTransferFrom > to a contract that does not implement the required function","","","reverts",""
"passed","Fri Apr 08 00:49:37 GMT 2022","Fri Apr 08 00:49:41 GMT 2022","4183","Contract: ERC20","recover","","","","something to recover",""
"passed","Fri Apr 08 00:48:21 GMT 2022","Fri Apr 08 00:48:23 GMT 2022","2170","Contract: ERC20","decrease allowance","when the spender is not the zero address > when the sender has enough balance > when the spender had an approved amount","","","sets the allowance to zero when all allowance is removed",""
"passed","Fri Apr 08 00:43:34 GMT 2022","Fri Apr 08 00:43:40 GMT 2022","6679","Contract: AccessControl","setting role admin","","","","the new admin can grant roles",""
"passed","Fri Apr 08 00:49:27 GMT 2022","Fri Apr 08 00:49:33 GMT 2022","5588","Contract: ERC1155","like an ERC1155","safeBatchTransferFrom > when sending to a valid receiver > without data","","","credits transferred balances to receiver",""
"passed","Fri Apr 08 00:47:43 GMT 2022","Fri Apr 08 00:47:46 GMT 2022","2820","Contract: ERC20Capped","once deployed","capped token","","","fails to mint if the amount exceeds the cap",""
"passed","Fri Apr 08 00:45:26 GMT 2022","Fri Apr 08 00:45:36 GMT 2022","10146","Contract: Governor","Contract interface","Governor > votingPeriod()","","","has to be implemented",""
"passed","Fri Apr 08 01:05:37 GMT 2022","Fri Apr 08 01:05:39 GMT 2022","2421","Contract: ERC721Enumerable","with minted tokens","approve > when approving a non-zero address > when there was no prior approval","","","emits an approval event",""
"passed","Fri Apr 08 00:57:52 GMT 2022","Fri Apr 08 00:57:57 GMT 2022","4260","Contract: ERC721Enumerable","with minted tokens","transfers > via safeTransferFrom > with data > to a valid receiver contract > when called by the owner","","","adjusts owners balances",""
"passed","Fri Apr 08 00:44:20 GMT 2022","Fri Apr 08 00:44:23 GMT 2022","2509","Contract: ProxyAdmin","","","","","has an owner",""
"passed","Fri Apr 08 00:58:51 GMT 2022","Fri Apr 08 00:58:55 GMT 2022","4081","Contract: ERC721","with minted tokens","transfers > via safeTransferFrom > with data > to a valid receiver contract > when called by the operator","","","adjusts owners balances",""
"passed","Fri Apr 08 00:52:33 GMT 2022","Fri Apr 08 00:52:34 GMT 2022","1295","Contract: Arrays","findUpperBound","Odd number of elements","","","returns first index after last element if searched value is over the upper boundary",""
"passed","Fri Apr 08 00:43:53 GMT 2022","Fri Apr 08 00:43:54 GMT 2022","1242","Contract: MinimalForwarder","with message","verify > invalid signature","","","tampered data",""
"passed","Fri Apr 08 00:47:59 GMT 2022","Fri Apr 08 00:48:03 GMT 2022","3446","Contract: ERC20Burnable","burnFrom","on success > for a non-zero amount","","","decrements allowance",""
"passed","Fri Apr 08 00:47:56 GMT 2022","Fri Apr 08 00:47:59 GMT 2022","2966","Contract: ERC20Burnable","burnFrom","on success > for a non-zero amount","","","burns the requested amount",""
"passed","Fri Apr 08 00:50:15 GMT 2022","Fri Apr 08 00:50:20 GMT 2022","5251","Contract: ERC1155","like an ERC1155","safeBatchTransferFrom > to a receiver contract that reverts","","","reverts",""
"passed","Fri Apr 08 00:58:23 GMT 2022","Fri Apr 08 00:58:27 GMT 2022","4226","Contract: ERC721","with minted tokens","transfers > via safeTransferFrom > with data > to a valid receiver contract > when called by the approved individual","","","adjusts owners balances",""
"passed","Fri Apr 08 01:05:02 GMT 2022","Fri Apr 08 01:05:05 GMT 2022","3614","Contract: ERC721Enumerable","with minted tokens","safe mint > via safeMint","","","calls onERC721Received — with data",""
"passed","Fri Apr 08 00:47:37 GMT 2022","Fri Apr 08 00:47:47 GMT 2022","9922","Contract: TransparentUpgradeableProxy","regression","","","","should add new function",""
"passed","Fri Apr 08 00:49:44 GMT 2022","Fri Apr 08 00:50:10 GMT 2022","25334","Contract: GovernorTimelockControl","to early","","","","run",""
"passed","Fri Apr 08 00:59:50 GMT 2022","Fri Apr 08 00:59:54 GMT 2022","3847","Contract: ERC721Enumerable","with minted tokens","transfers > via safeTransferFrom > with data > to a valid receiver contract > when the address of the previous owner is incorrect","","","reverts",""
"passed","Fri Apr 08 00:42:51 GMT 2022","Fri Apr 08 00:42:52 GMT 2022","1319","Contract: AccessControl","Contract interface","AccessControl > renounceRole(bytes32,address)","","","has to be implemented",""
"passed","Fri Apr 08 01:00:13 GMT 2022","Fri Apr 08 01:00:16 GMT 2022","3271","Contract: ERC721Enumerable","with minted tokens","transfers > via safeTransferFrom > without data > to a user account > when called by the owner","","","emits a Transfer event",""
"passed","Fri Apr 08 01:07:05 GMT 2022","Fri Apr 08 01:07:06 GMT 2022","1675","Contract: ERC721","metadata","token URI","","","return empty string by default",""
"passed","Fri Apr 08 00:50:43 GMT 2022","Fri Apr 08 00:50:53 GMT 2022","9847","Contract: ERC20","erc20 behaviour","transfer from > when the token owner is not the zero address > when the recipient is not the zero address > when the spender has enough approved balance > when the token owner has enough balance","","","decreases the spender allowance",""
"passed","Fri Apr 08 00:45:37 GMT 2022","Fri Apr 08 00:45:40 GMT 2022","3107","Contract: TransparentUpgradeableProxy","upgradeTo","when the sender is the admin > when the given implementation is different from the current one","","","emits an event",""
"skipped","Fri Apr 08 00:48:27 GMT 2022","Fri Apr 08 00:48:27 GMT 2022","0","Contract: ERC20Votes","set delegation","with signature","","","rejects expired permit",""
"broken","Fri Apr 08 00:44:11 GMT 2022","Fri Apr 08 00:44:12 GMT 2022","675","Ethers.js","","","","","testReadOnlyMethods",""
"skipped","Fri Apr 08 00:48:24 GMT 2022","Fri Apr 08 00:48:24 GMT 2022","0","Contract: ERC20VotesComp","Compound test suite","numCheckpoints","","","does not add more than one checkpoint in a block",""
"skipped","Fri Apr 08 00:44:10 GMT 2022","Fri Apr 08 00:44:10 GMT 2022","0","Contract: ERC1967Proxy","without initialization","when not sending balance","","","sets the implementation address",""
"passed","Fri Apr 08 00:59:22 GMT 2022","Fri Apr 08 00:59:28 GMT 2022","5568","Contract: ERC721Enumerable","with minted tokens","transfers > via safeTransferFrom > with data > to a valid receiver contract > when called by the owner without an approved user","","","adjusts owners tokens by index",""
"passed","Fri Apr 08 00:55:50 GMT 2022","Fri Apr 08 00:55:55 GMT 2022","4374","Contract: ERC721Enumerable","with minted tokens","transfers > via safeTransferFrom > with data > to a user account > when called by the approved individual","","","adjusts owners tokens by index",""
"skipped","Fri Apr 08 00:48:24 GMT 2022","Fri Apr 08 00:48:24 GMT 2022","0","Contract: ERC20VotesComp","getPastTotalSupply","","","","returns zero if < first checkpoint block",""
"broken","Fri Apr 08 00:49:01 GMT 2022","Fri Apr 08 00:49:01 GMT 2022","1","Contract: GovernorTimelockControl","nominal","","","","""after each"" hook for ""run""",""
"passed","Fri Apr 08 00:44:39 GMT 2022","Fri Apr 08 00:44:42 GMT 2022","3002","Contract: ProxyAdmin","#getProxyImplementation","","","","returns proxy implementation address",""
"passed","Fri Apr 08 00:53:48 GMT 2022","Fri Apr 08 00:53:50 GMT 2022","2656","Contract: Escrow","as an escrow","withdrawals","","","emits a withdrawn event",""
"passed","Fri Apr 08 00:51:10 GMT 2022","Fri Apr 08 00:51:11 GMT 2022","1661","Contract: ERC1155","like an ERC1155","Contract interface > ERC1155 > isApprovedForAll(address,address)","","","has to be implemented",""
"passed","Fri Apr 08 01:00:05 GMT 2022","Fri Apr 08 01:00:10 GMT 2022","4267","Contract: ERC721Enumerable","with minted tokens","transfers > via safeTransferFrom > with data > to a valid receiver contract > with an invalid token id","","","reverts",""
"passed","Fri Apr 08 00:53:33 GMT 2022","Fri Apr 08 00:53:43 GMT 2022","9908","Contract: Escrow","as an escrow","withdrawals","","","can withdraw payments",""
"passed","Fri Apr 08 00:51:03 GMT 2022","Fri Apr 08 00:51:05 GMT 2022","1615","Contract: ERC1155","like an ERC1155","Contract interface > ERC1155 > ERC165's supportsInterface(bytes4)","","","uses less than 30k gas [skip-on-coverage]",""
"passed","Fri Apr 08 00:48:09 GMT 2022","Fri Apr 08 00:48:14 GMT 2022","5328","Contract: ERC20FlashMint","flashLoan","","","","unavailable funds",""
"passed","Fri Apr 08 00:49:59 GMT 2022","Fri Apr 08 00:50:02 GMT 2022","3165","Contract: SafeERC20","with token that returns true on all calls","","","","doesn't revert on transfer",""
"passed","Fri Apr 08 00:47:19 GMT 2022","Fri Apr 08 00:47:30 GMT 2022","11433","Contract: GovernorTimelockControl","Contract interface","Governor > castVoteBySig(uint256,uint8,uint8,bytes32,bytes32)","","","has to be implemented",""
"passed","Fri Apr 08 00:43:14 GMT 2022","Fri Apr 08 00:43:19 GMT 2022","4906","Contract: AccessControl","revoking","with granted role","","","a role can be revoked multiple times",""
"passed","Fri Apr 08 00:47:51 GMT 2022","Fri Apr 08 00:47:53 GMT 2022","1469","Contract: ERC20FlashMint","maxFlashLoan","","","","token match",""
"passed","Fri Apr 08 00:44:54 GMT 2022","Fri Apr 08 00:44:56 GMT 2022","2333","Contract: UUPSUpgradeable","","","","","upgrade to upgradeable implementation with call",""
"passed","Fri Apr 08 00:52:09 GMT 2022","Fri Apr 08 00:52:10 GMT 2022","1509","Contract: ERC1155","ERC1155MetadataURI","","","","emits no URI event in constructor",""
"passed","Fri Apr 08 00:46:59 GMT 2022","Fri Apr 08 00:47:02 GMT 2022","3038","Contract: ERC20","transfer","when the recipient is not the zero address > when the sender does not have enough balance","","","reverts",""
"skipped","Fri Apr 08 00:48:27 GMT 2022","Fri Apr 08 00:48:27 GMT 2022","0","Contract: ERC20Votes","getPastTotalSupply","","","","generally returns the voting balance at the appropriate checkpoint",""
"skipped","Fri Apr 08 00:48:24 GMT 2022","Fri Apr 08 00:48:24 GMT 2022","1","Contract: ERC20VotesComp","Compound test suite","getPriorVotes","","","reverts if block number >= current block",""
"passed","Fri Apr 08 00:58:02 GMT 2022","Fri Apr 08 00:58:06 GMT 2022","4637","Contract: ERC721Enumerable","with minted tokens","transfers > via safeTransferFrom > with data > to a valid receiver contract > when called by the approved individual","","","transfers the ownership of the given token ID to the given address",""
"passed","Fri Apr 08 01:03:37 GMT 2022","Fri Apr 08 01:03:42 GMT 2022","4573","Contract: ERC721","with minted tokens","transfers > via safeTransferFrom > without data > to a valid receiver contract > when called by the owner without an approved user","","","transfers the ownership of the given token ID to the given address",""
"skipped","Fri Apr 08 00:48:27 GMT 2022","Fri Apr 08 00:48:27 GMT 2022","1","Contract: ERC20Votes","Compound test suite","getPastVotes","","","returns the latest block if >= last checkpoint block",""
"passed","Fri Apr 08 00:44:13 GMT 2022","Fri Apr 08 00:44:14 GMT 2022","809","Ethers.js","","","","","shouldCheckStaticJsonRpcProvider",""
"passed","Fri Apr 08 00:47:12 GMT 2022","Fri Apr 08 00:47:14 GMT 2022","1906","Contract: ERC1155PresetMinterPauser","batched minting","","","","other accounts cannot batch mint tokens",""
"passed","Fri Apr 08 00:56:21 GMT 2022","Fri Apr 08 00:56:28 GMT 2022","6598","Contract: ERC721","with minted tokens","transfers > via safeTransferFrom > with data > to a user account > when called by the operator","","","adjusts owners balances",""
"passed","Fri Apr 08 00:48:58 GMT 2022","Fri Apr 08 00:49:02 GMT 2022","3568","Contract: ERC20Pausable","pausable token","burn","","","allows to burn when paused and then unpaused",""
"passed","Fri Apr 08 00:55:23 GMT 2022","Fri Apr 08 00:55:24 GMT 2022","1349","Contract: SafeMath","with custom revert message","sub","","","reverts if subtraction result would be negative",""
"passed","Fri Apr 08 00:52:39 GMT 2022","Fri Apr 08 00:52:43 GMT 2022","3529","Contract: Counters","increment","starting from 0","","","can be called multiple times",""
"passed","Fri Apr 08 00:49:54 GMT 2022","Fri Apr 08 00:49:58 GMT 2022","3545","Contract: ERC20","_approve","when the spender is not the zero address > when the sender has enough balance > when there was no approved amount before","","","approves the requested amount",""
"passed","Fri Apr 08 01:00:03 GMT 2022","Fri Apr 08 01:00:06 GMT 2022","3713","Contract: ERC721","with minted tokens","transfers > via safeTransferFrom > with data > to a valid receiver contract > when the address to transfer the token to is the zero address","","","reverts",""
"passed","Fri Apr 08 00:51:53 GMT 2022","Fri Apr 08 00:51:56 GMT 2022","2777","Contract: ERC721PresetMinterPauserAutoId","","","","","deployer has the minter role",""
"passed","Fri Apr 08 00:50:24 GMT 2022","Fri Apr 08 00:50:26 GMT 2022","2078","Contract: ERC721","Contract interface","ERC721 > balanceOf(address)","","","has to be implemented",""
"passed","Fri Apr 08 00:44:38 GMT 2022","Fri Apr 08 00:44:41 GMT 2022","3258","Contract: TransparentUpgradeableProxy","without initialization","when sending some balance","","","initializes the proxy",""
"passed","Fri Apr 08 00:55:16 GMT 2022","Fri Apr 08 00:55:18 GMT 2022","2119","Contract: SafeCast","toUint256","","","","casts INT256_MAX (57896044618658097711785492504343953926634992332820282019728792003956564819967)",""
"passed","Fri Apr 08 01:07:25 GMT 2022","Fri Apr 08 01:07:28 GMT 2022","2523","Contract: ERC721Enumerable","with minted tokens","tokenOfOwnerByIndex > when the given address does not own any token","","","reverts",""
"passed","Fri Apr 08 00:51:55 GMT 2022","Fri Apr 08 00:51:57 GMT 2022","2260","Contract: ERC1155","internal functions","_burnBatch","","","reverts when burning a non-existent token id",""
"passed","Fri Apr 08 00:51:24 GMT 2022","Fri Apr 08 00:51:38 GMT 2022","13140","Contract: ERC721","with minted tokens","transfers > via transferFrom > when called by the owner","","","emits an Approval event",""
"passed","Fri Apr 08 00:42:44 GMT 2022","Fri Apr 08 00:42:50 GMT 2022","6636","Contract: GovernorTimelockCompound","Contract interface","ERC165 > ERC165's supportsInterface(bytes4)","","","uses less than 30k gas [skip-on-coverage]",""
"passed","Fri Apr 08 00:55:43 GMT 2022","Fri Apr 08 00:55:44 GMT 2022","1365","Contract: SafeMath","memory leakage","","","","sub",""
"passed","Fri Apr 08 01:06:37 GMT 2022","Fri Apr 08 01:06:38 GMT 2022","1424","Contract: ERC721Enumerable","_mint(address, uint256)","with minted token","","","emits a Transfer event",""
"passed","Fri Apr 08 00:55:40 GMT 2022","Fri Apr 08 00:55:41 GMT 2022","1327","Contract: SafeMath","with custom revert message","mod > modulos correctly","","","when the dividend is a multiple of the divisor",""
"passed","Fri Apr 08 01:05:37 GMT 2022","Fri Apr 08 01:05:39 GMT 2022","2530","Contract: ERC721","with minted tokens","approve > when approving a non-zero address > when there was no prior approval","","","sets the approval for the target address",""
"passed","Fri Apr 08 01:05:11 GMT 2022","Fri Apr 08 01:05:15 GMT 2022","3996","Contract: ERC721","with minted tokens","safe mint > via safeMint > to a receiver contract returning unexpected value","","","reverts",""
"passed","Fri Apr 08 00:55:12 GMT 2022","Fri Apr 08 00:55:13 GMT 2022","1631","Contract: SafeCast","toUint224","","","","reverts when downcasting 2^224 + 1 (26959946667150639794667015087019630673637144422540572481103610249217)",""
"passed","Fri Apr 08 01:00:34 GMT 2022","Fri Apr 08 01:00:38 GMT 2022","3285","Contract: ERC721Enumerable","with minted tokens","transfers > via safeTransferFrom > without data > to a user account > when called by the approved individual","","","emits a Transfer event",""
"passed","Fri Apr 08 00:50:31 GMT 2022","Fri Apr 08 00:50:36 GMT 2022","4965","Contract: SafeERC20","with token that returns true on all calls","approvals > with non-zero allowance","","","doesn't revert when increasing the allowance",""
"passed","Fri Apr 08 00:53:19 GMT 2022","Fri Apr 08 00:53:20 GMT 2022","1060","Contract: Escrow","as an escrow","deposits","","","only the owner can deposit",""
"passed","Fri Apr 08 00:48:01 GMT 2022","Fri Apr 08 00:48:04 GMT 2022","3221","Contract: ERC20FlashMint","flashLoan","","","","missing return value",""
"passed","Fri Apr 08 00:54:15 GMT 2022","Fri Apr 08 00:54:16 GMT 2022","1064","Contract: Math","min","","","","is correctly detected in first argument position",""
"passed","Fri Apr 08 00:46:11 GMT 2022","Fri Apr 08 00:46:15 GMT 2022","3874","Contract: ERC1155Supply","after burn","batch","","","totalSupply",""
"passed","Fri Apr 08 00:52:51 GMT 2022","Fri Apr 08 00:52:59 GMT 2022","8066","Contract: Create2","deploy","","","","deploys a contract with funds deposited in the factory",""
"passed","Fri Apr 08 00:44:09 GMT 2022","Fri Apr 08 00:44:18 GMT 2022","8798","Contract: GovernorTimelockCompound","Contract interface","Governor > proposalSnapshot(uint256)","","","has to be implemented",""
"passed","Fri Apr 08 00:55:18 GMT 2022","Fri Apr 08 00:55:19 GMT 2022","1273","Contract: SafeMath","with default revert message","mod > modulos correctly","","","when the dividend is equal to the divisor",""
"passed","Fri Apr 08 00:54:17 GMT 2022","Fri Apr 08 00:54:20 GMT 2022","2571","Contract: RefundEscrow","once deployed","refund state","","","prevents entering the closed state",""
"passed","Fri Apr 08 01:00:06 GMT 2022","Fri Apr 08 01:00:11 GMT 2022","5005","Contract: ERC721","with minted tokens","transfers > via safeTransferFrom > with data > to a valid receiver contract > with an invalid token id","","","reverts",""
"skipped","Fri Apr 08 00:42:44 GMT 2022","Fri Apr 08 00:42:44 GMT 2022","1","Contract: GovernorTimelockCompound","","","","","doesn't accept ether transfers",""
"skipped","Fri Apr 08 00:48:27 GMT 2022","Fri Apr 08 00:48:27 GMT 2022","0","Contract: ERC20Votes","getPastTotalSupply","","","","reverts if block number >= current block",""
"passed","Fri Apr 08 00:45:29 GMT 2022","Fri Apr 08 00:45:30 GMT 2022","1260","Contract: TransparentUpgradeableProxy","initialization with parameters","reverting initialization","","","reverts",""
"passed","Fri Apr 08 00:53:55 GMT 2022","Fri Apr 08 00:53:58 GMT 2022","2663","Contract: Address","functionDelegateCall","","","","bubbles up revert reason",""
"skipped","Fri Apr 08 00:43:14 GMT 2022","Fri Apr 08 00:43:14 GMT 2022","0","Contract: TimelockController","methods","batch > schedule","","","length of batch parameter must match #1",""
"passed","Fri Apr 08 00:50:36 GMT 2022","Fri Apr 08 00:50:38 GMT 2022","1568","Contract: ERC721Enumerable","Contract interface","ERC721 > safeTransferFrom(address,address,uint256,bytes)","","","has to be implemented",""
"passed","Fri Apr 08 00:59:41 GMT 2022","Fri Apr 08 00:59:45 GMT 2022","4124","Contract: ERC721Enumerable","with minted tokens","transfers > via safeTransferFrom > with data > to a valid receiver contract > when sent to the owner","","","keeps the owner balance",""
"passed","Fri Apr 08 00:49:09 GMT 2022","Fri Apr 08 00:49:11 GMT 2022","2232","Contract: ERC20","_mint","for a non zero account","","","increments recipient balance",""
"passed","Fri Apr 08 01:04:01 GMT 2022","Fri Apr 08 01:04:05 GMT 2022","4473","Contract: ERC721","with minted tokens","transfers > via safeTransferFrom > without data > to a valid receiver contract > when called by the owner without an approved user","","","adjusts owners tokens by index",""
"passed","Fri Apr 08 00:43:50 GMT 2022","Fri Apr 08 00:43:53 GMT 2022","3133","Contract: AccessControl","setting role admin","","","","a role's previous admins no longer grant roles",""
"passed","Fri Apr 08 00:52:46 GMT 2022","Fri Apr 08 00:52:48 GMT 2022","1428","Contract: ERC721PresetMinterPauserAutoId","Contract interface","AccessControlEnumerable > getRoleMember(bytes32,uint256)","","","has to be implemented",""
"passed","Fri Apr 08 00:58:06 GMT 2022","Fri Apr 08 00:58:11 GMT 2022","4483","Contract: ERC721Enumerable","with minted tokens","transfers > via safeTransferFrom > with data > to a valid receiver contract > when called by the approved individual","","","emits a Transfer event",""
"passed","Fri Apr 08 00:55:47 GMT 2022","Fri Apr 08 00:55:51 GMT 2022","4325","Contract: ERC721","with minted tokens","transfers > via safeTransferFrom > with data > to a user account > when called by the approved individual","","","adjusts owners balances",""
"passed","Fri Apr 08 00:43:16 GMT 2022","Fri Apr 08 00:43:19 GMT 2022","3047","Contract: ERC2771Context","","","","","recognize trusted forwarder",""
"passed","Fri Apr 08 00:50:42 GMT 2022","Fri Apr 08 00:50:46 GMT 2022","4227","Contract: ERC721Enumerable","with minted tokens","balanceOf > when the given address does not own any tokens","","","returns 0",""
"passed","Fri Apr 08 00:47:19 GMT 2022","Fri Apr 08 00:47:21 GMT 2022","2082","Contract: ERC20Permit","permit","","","","accepts owner signature",""
"passed","Fri Apr 08 00:49:03 GMT 2022","Fri Apr 08 00:49:05 GMT 2022","2814","Contract: ERC20","increase allowance","when the spender is the zero address","","","reverts",""
"passed","Fri Apr 08 01:06:58 GMT 2022","Fri Apr 08 01:06:59 GMT 2022","1174","Contract: ERC721Enumerable","Contract interface","ERC721Metadata > tokenURI(uint256)","","","has to be implemented",""
"passed","Fri Apr 08 00:48:32 GMT 2022","Fri Apr 08 00:48:34 GMT 2022","2565","Contract: ERC20Snapshot","totalSupplyAt","with initial snapshot > with no supply changes after the snapshot","","","returns the current total supply",""
"passed","Fri Apr 08 01:04:51 GMT 2022","Fri Apr 08 01:04:55 GMT 2022","3694","Contract: ERC721Enumerable","with minted tokens","transfers > via safeTransferFrom > to a receiver contract that reverts without message","","","reverts",""
"passed","Fri Apr 08 00:52:35 GMT 2022","Fri Apr 08 00:52:39 GMT 2022","4943","Contract: ERC721","with minted tokens","transfers > via transferFrom > when called by the operator","","","emits a Transfer event",""
"passed","Fri Apr 08 01:06:20 GMT 2022","Fri Apr 08 01:06:23 GMT 2022","2939","Contract: ERC721Enumerable","with minted tokens","setApprovalForAll > when the operator willing to approve is not the owner > when the operator was already approved","","","keeps the approval to the given address",""
"passed","Fri Apr 08 00:51:08 GMT 2022","Fri Apr 08 00:51:12 GMT 2022","3766","Contract: SafeERC20","with token that returns no boolean values","approvals > with zero allowance","","","doesn't revert when increasing the allowance",""
"passed","Fri Apr 08 00:44:19 GMT 2022","Fri Apr 08 00:44:21 GMT 2022","2265","Contract: Clones","clone","initialization without parameters > payable > when sending some balance","","","initializes the proxy",""
"passed","Fri Apr 08 00:49:16 GMT 2022","Fri Apr 08 00:49:24 GMT 2022","7853","Contract: ERC20","withdraw","","","","entire balance",""
"passed","Fri Apr 08 00:53:58 GMT 2022","Fri Apr 08 00:54:04 GMT 2022","6065","Contract: Address","functionDelegateCall","","","","reverts when address is not a contract",""
"passed","Fri Apr 08 00:55:36 GMT 2022","Fri Apr 08 00:55:37 GMT 2022","1626","Contract: SafeMath","with custom revert message","mod > modulos correctly","","","when the dividend is smaller than the divisor",""
"passed","Fri Apr 08 00:55:34 GMT 2022","Fri Apr 08 00:55:37 GMT 2022","2386","Contract: EnumerableMap","","","","","starts empty",""
"passed","Fri Apr 08 00:50:18 GMT 2022","Fri Apr 08 00:50:22 GMT 2022","3922","Contract: SafeERC20","with token that returns true on all calls","approvals > with zero allowance","","","reverts when decreasing the allowance",""
"passed","Fri Apr 08 00:51:16 GMT 2022","Fri Apr 08 00:51:20 GMT 2022","4757","Contract: ERC721Pausable","when token is paused","getApproved","","","returns approved address",""
"passed","Fri Apr 08 00:45:13 GMT 2022","Fri Apr 08 00:45:16 GMT 2022","2650","Contract: ReentrancyGuard","","","","","does not allow remote callback",""
"passed","Fri Apr 08 00:54:43 GMT 2022","Fri Apr 08 00:54:45 GMT 2022","1558","Contract: SignedSafeMath","sub","","","","subtracts correctly if it does not overflow and the result is negative",""
"passed","Fri Apr 08 00:55:46 GMT 2022","Fri Apr 08 00:55:50 GMT 2022","4568","Contract: ERC721Enumerable","with minted tokens","transfers > via safeTransferFrom > with data > to a user account > when called by the approved individual","","","adjusts owners balances",""
"passed","Fri Apr 08 01:05:15 GMT 2022","Fri Apr 08 01:05:18 GMT 2022","2884","Contract: ERC721","with minted tokens","safe mint > via safeMint > to a receiver contract that reverts with message","","","reverts",""
"skipped","Fri Apr 08 00:43:14 GMT 2022","Fri Apr 08 00:43:14 GMT 2022","0","Contract: TimelockController","methods","batch > schedule","","","enforce minimum delay",""
"passed","Fri Apr 08 00:56:15 GMT 2022","Fri Apr 08 00:56:16 GMT 2022","1066","Contract: EnumerableSet","EnumerableAddressSet","","","","starts empty",""
"skipped","Fri Apr 08 00:43:14 GMT 2022","Fri Apr 08 00:43:14 GMT 2022","0","Contract: TimelockController","methods","simple > execute","","","revert if operation is not scheduled",""
"passed","Fri Apr 08 00:56:12 GMT 2022","Fri Apr 08 00:56:13 GMT 2022","1342","Contract: SafeCast","toInt64","","","","downcasts -1",""
"passed","Fri Apr 08 00:55:51 GMT 2022","Fri Apr 08 00:55:53 GMT 2022","1979","Contract: EnumerableMap","remove","","","","returns false when removing keys not in the set",""
"passed","Fri Apr 08 00:44:14 GMT 2022","Fri Apr 08 00:44:14 GMT 2022","5","ethjs","","","","","Connection test (js)",""
"passed","Fri Apr 08 00:44:01 GMT 2022","Fri Apr 08 00:44:03 GMT 2022","1838","Contract: MinimalForwarder","with message","execute > invalid signature","","","tampered nonce",""
"broken","Fri Apr 08 00:46:52 GMT 2022","Fri Apr 08 00:47:09 GMT 2022","17058","Contract: GovernorTimelockCompound","nominal","","","","run",""
"passed","Fri Apr 08 01:04:24 GMT 2022","Fri Apr 08 01:04:27 GMT 2022","3805","Contract: ERC721Enumerable","with minted tokens","transfers > via safeTransferFrom > without data > to a valid receiver contract > when the address of the previous owner is incorrect","","","reverts",""
"passed","Fri Apr 08 00:53:46 GMT 2022","Fri Apr 08 00:53:48 GMT 2022","2450","Contract: ERC165Checker","ERC165 not supported","","","","does not support mock interface via supportsAllInterfaces",""
"passed","Fri Apr 08 01:03:28 GMT 2022","Fri Apr 08 01:03:32 GMT 2022","4219","Contract: ERC721Enumerable","with minted tokens","transfers > via safeTransferFrom > without data > to a valid receiver contract > when called by the operator","","","adjusts owners tokens by index",""
"failed","Fri Apr 08 00:43:57 GMT 2022","Fri Apr 08 00:43:57 GMT 2022","0","Contract: MinimalForwarder","with message","execute > valid signature","","","""after each"" hook for ""success""",""
"passed","Fri Apr 08 00:52:08 GMT 2022","Fri Apr 08 00:52:10 GMT 2022","1481","Contract: ERC721PresetMinterPauserAutoId","Contract interface","ERC721 > ownerOf(uint256)","","","has to be implemented",""
"passed","Fri Apr 08 00:47:01 GMT 2022","Fri Apr 08 00:47:16 GMT 2022","15584","Contract: Governor","Contract interface","Governor > castVoteBySig(uint256,uint8,uint8,bytes32,bytes32)","","","has to be implemented",""
"passed","Fri Apr 08 00:49:37 GMT 2022","Fri Apr 08 00:49:39 GMT 2022","2017","Contract: ERC20PresetMinterPauser","pausing","","","","other accounts cannot unpause",""
"passed","Fri Apr 08 00:55:40 GMT 2022","Fri Apr 08 00:55:41 GMT 2022","1270","Contract: SafeCast","toInt16","","","","downcasts -1",""
"passed","Fri Apr 08 00:45:19 GMT 2022","Fri Apr 08 00:45:22 GMT 2022","2559","Contract: PullPayment","withdrawPayments","","","","can withdraw payment",""
"passed","Fri Apr 08 01:04:19 GMT 2022","Fri Apr 08 01:04:24 GMT 2022","4955","Contract: ERC721Enumerable","with minted tokens","transfers > via safeTransferFrom > without data > to a valid receiver contract > when sent to the owner","","","keeps same tokens by index",""
"passed","Fri Apr 08 00:55:21 GMT 2022","Fri Apr 08 00:55:27 GMT 2022","5536","Contract: ERC721Enumerable","with minted tokens","transfers > via safeTransferFrom > with data > to a user account > when called by the approved individual","","","transfers the ownership of the given token ID to the given address",""
"passed","Fri Apr 08 00:42:50 GMT 2022","Fri Apr 08 00:42:51 GMT 2022","1189","Contract: AccessControl","Contract interface","AccessControl > revokeRole(bytes32,address)","","","has to be implemented",""
"passed","Fri Apr 08 00:54:19 GMT 2022","Fri Apr 08 00:54:20 GMT 2022","1290","Contract: Math","average","","","","is correctly calculated with two even numbers",""
"passed","Fri Apr 08 00:54:21 GMT 2022","Fri Apr 08 00:54:22 GMT 2022","1146","Contract: Math","average","","","","is correctly calculated with two max uint256 numbers",""
"passed","Fri Apr 08 00:54:16 GMT 2022","Fri Apr 08 00:54:17 GMT 2022","1261","Contract: SafeCast","toUint8","","","","downcasts 1",""
"passed","Fri Apr 08 00:49:38 GMT 2022","Fri Apr 08 00:49:39 GMT 2022","1137","Contract: SafeERC20","with address that has no contract code","","","","reverts on decreaseAllowance",""
"passed","Fri Apr 08 01:04:10 GMT 2022","Fri Apr 08 01:04:14 GMT 2022","4039","Contract: ERC721Enumerable","with minted tokens","transfers > via safeTransferFrom > without data > to a valid receiver contract > when sent to the owner","","","emits only a transfer event",""
"skipped","Fri Apr 08 00:48:24 GMT 2022","Fri Apr 08 00:48:24 GMT 2022","0","Contract: ERC20VotesComp","Compound test suite","getPriorVotes","","","returns 0 if there are no checkpoints",""
"passed","Fri Apr 08 00:45:09 GMT 2022","Fri Apr 08 00:45:11 GMT 2022","2034","Contract: Pausable","when unpaused","when paused","","","can take a drastic measure in a pause",""
"passed","Fri Apr 08 00:56:09 GMT 2022","Fri Apr 08 00:56:18 GMT 2022","8661","Contract: BitMap","unset","","","","adds and removes multiple keys",""
"passed","Fri Apr 08 00:50:15 GMT 2022","Fri Apr 08 00:50:17 GMT 2022","1936","Contract: ERC721","Contract interface","ERC165 > ERC165's supportsInterface(bytes4)","","","uses less than 30k gas [skip-on-coverage]",""
"passed","Fri Apr 08 00:55:21 GMT 2022","Fri Apr 08 00:55:23 GMT 2022","1840","Contract: StorageSlot","bytes32 storage slot","","","","set",""
"passed","Fri Apr 08 00:50:54 GMT 2022","Fri Apr 08 00:50:56 GMT 2022","2151","Contract: ERC1155","like an ERC1155","Contract interface > ERC165 > ERC165's supportsInterface(bytes4)","","","uses less than 30k gas [skip-on-coverage]",""
"passed","Fri Apr 08 00:48:51 GMT 2022","Fri Apr 08 00:48:57 GMT 2022","6459","Contract: ERC20Snapshot","totalSupplyAt","with initial snapshot > with supply changes after the snapshot > with multiple snapshots after supply changes","","","all posterior snapshots return the supply after the changes",""
"passed","Fri Apr 08 00:55:53 GMT 2022","Fri Apr 08 00:56:13 GMT 2022","19919","Contract: EnumerableMap","remove","","","","adds and removes multiple keys",""
"skipped","Fri Apr 08 00:48:24 GMT 2022","Fri Apr 08 00:48:24 GMT 2022","0","Contract: ERC20VotesComp","change delegation","","","","call",""
"skipped","Fri Apr 08 00:45:10 GMT 2022","Fri Apr 08 00:45:10 GMT 2022","1","Contract: TransparentUpgradeableProxy","initialization with parameters","non payable > when not sending balance","","","sets the implementation address",""
"skipped","Fri Apr 08 00:51:24 GMT 2022","Fri Apr 08 00:51:24 GMT 2022","0","Contract: GovernorTimelockControl","updateTimelock","","","","protected",""
"passed","Fri Apr 08 00:56:38 GMT 2022","Fri Apr 08 00:56:39 GMT 2022","1269","Contract: SafeCast","toInt256","","","","reverts when casting INT256_MAX + 1 (57896044618658097711785492504343953926634992332820282019728792003956564819968)",""
"skipped","Fri Apr 08 00:44:15 GMT 2022","Fri Apr 08 00:44:15 GMT 2022","0","Contract: ERC1967Proxy","without initialization","when sending some balance","","","sets the implementation address",""
"passed","Fri Apr 08 00:44:58 GMT 2022","Fri Apr 08 00:45:12 GMT 2022","13940","Contract: GovernorTimelockControl","Contract interface","Governor > proposalDeadline(uint256)","","","has to be implemented",""
"passed","Fri Apr 08 01:05:31 GMT 2022","Fri Apr 08 01:05:34 GMT 2022","2926","Contract: ERC721","with minted tokens","approve > when clearing approval > when there was a prior approval","","","clears approval for the token",""
"passed","Fri Apr 08 00:51:00 GMT 2022","Fri Apr 08 00:51:04 GMT 2022","4420","Contract: ERC721Enumerable","with minted tokens","ownerOf > when the given token ID was not tracked by this token","","","reverts",""
"passed","Fri Apr 08 01:01:58 GMT 2022","Fri Apr 08 01:02:01 GMT 2022","3310","Contract: ERC721","with minted tokens","transfers > via safeTransferFrom > without data > to a user account > when the sender is not authorized for the token id","","","reverts",""
"passed","Fri Apr 08 01:04:05 GMT 2022","Fri Apr 08 01:04:09 GMT 2022","4221","Contract: ERC721","with minted tokens","transfers > via safeTransferFrom > without data > to a valid receiver contract > when sent to the owner","","","keeps ownership of the token",""
"passed","Fri Apr 08 00:47:06 GMT 2022","Fri Apr 08 00:47:12 GMT 2022","6515","Contract: ERC1155PresetMinterPauser","batched minting","","","","deployer can batch mint tokens",""
"passed","Fri Apr 08 00:51:09 GMT 2022","Fri Apr 08 00:51:14 GMT 2022","5006","Contract: ERC721Enumerable","with minted tokens","transfers > via transferFrom > when called by the owner","","","emits a Transfer event",""
"passed","Fri Apr 08 00:44:28 GMT 2022","Fri Apr 08 00:44:30 GMT 2022","1980","Contract: ERC1967Proxy","initialization with parameters","payable > when not sending balance","","","initializes the proxy",""
"passed","Fri Apr 08 00:42:45 GMT 2022","Fri Apr 08 00:42:46 GMT 2022","1450","Contract: VestingWallet","","","","","check vesting contract",""
"passed","Fri Apr 08 01:03:57 GMT 2022","Fri Apr 08 01:04:01 GMT 2022","4633","Contract: ERC721Enumerable","with minted tokens","transfers > via safeTransferFrom > without data > to a valid receiver contract > when called by the owner without an approved user","","","adjusts owners tokens by index",""
"passed","Fri Apr 08 00:57:14 GMT 2022","Fri Apr 08 00:57:17 GMT 2022","2878","Contract: ERC721Enumerable","with minted tokens","transfers > via safeTransferFrom > with data > to a user account > when the address of the previous owner is incorrect","","","reverts",""
"passed","Fri Apr 08 00:46:10 GMT 2022","Fri Apr 08 00:46:14 GMT 2022","3420","Contract: ERC1155Pausable","when token is paused","","","","reverts when trying to burn",""
"passed","Fri Apr 08 00:42:49 GMT 2022","Fri Apr 08 00:42:52 GMT 2022","2952","Contract: PaymentSplitter","once deployed","accepts payments","","","Ether",""
"passed","Fri Apr 08 00:43:52 GMT 2022","Fri Apr 08 00:44:02 GMT 2022","10413","Contract: GovernorTimelockControl","Contract interface","Governor > name()","","","has to be implemented",""
"passed","Fri Apr 08 00:56:44 GMT 2022","Fri Apr 08 00:56:46 GMT 2022","2306","Contract: EnumerableSet","EnumerableUintSet","add","","","returns false when adding values already in the set",""
"passed","Fri Apr 08 00:44:39 GMT 2022","Fri Apr 08 00:44:41 GMT 2022","1936","Contract: Initializable","complex testing with inheritance","","","","initializes human",""
"passed","Fri Apr 08 00:49:31 GMT 2022","Fri Apr 08 00:49:33 GMT 2022","2058","Contract: ERC20","_burn","for a non zero account > for less amount than balance","","","decrements initialHolder balance",""
"passed","Fri Apr 08 00:46:13 GMT 2022","Fri Apr 08 00:46:28 GMT 2022","14481","Contract: Governor","Contract interface","Governor > propose(address[],uint256[],bytes[],string)","","","has to be implemented",""
"passed","Fri Apr 08 00:45:29 GMT 2022","Fri Apr 08 00:45:30 GMT 2022","1662","Contract: ERC1155","like an ERC1155","balanceOfBatch","","","reverts when one of the addresses is the zero address",""
"passed","Fri Apr 08 00:54:14 GMT 2022","Fri Apr 08 00:54:17 GMT 2022","3219","Contract: RefundEscrow","once deployed","refund state","","","does not allow beneficiary withdrawal",""
"passed","Fri Apr 08 00:54:24 GMT 2022","Fri Apr 08 00:54:25 GMT 2022","1089","Contract: Math","ceilDiv","","","","rounds up on division with remainders",""
"passed","Fri Apr 08 00:56:27 GMT 2022","Fri Apr 08 00:56:29 GMT 2022","2040","Contract: EnumerableSet","EnumerableAddressSet","remove","","","removes added values",""
"passed","Fri Apr 08 00:47:27 GMT 2022","Fri Apr 08 00:47:31 GMT 2022","4643","Contract: TransparentUpgradeableProxy","transparent proxy","when function names clash","","","when sender is proxy admin should run the proxy function",""
"passed","Fri Apr 08 00:55:02 GMT 2022","Fri Apr 08 00:55:04 GMT 2022","1529","Contract: SafeCast","toUint128","","","","reverts when downcasting 2^128 (340282366920938463463374607431768211456)",""
"passed","Fri Apr 08 00:54:32 GMT 2022","Fri Apr 08 00:54:34 GMT 2022","2650","Contract: SafeCast","toUint32","","","","downcasts 1",""
"passed","Fri Apr 08 00:43:04 GMT 2022","Fri Apr 08 00:43:17 GMT 2022","12625","Contract: GovernorTimelockCompound","Contract interface","Governor > ERC165's supportsInterface(bytes4)","","","uses less than 30k gas [skip-on-coverage]",""
"passed","Fri Apr 08 00:47:12 GMT 2022","Fri Apr 08 00:47:15 GMT 2022","2675","Contract: TransparentUpgradeableProxy","changeAdmin","when the new proposed admin is not the zero address > when the sender is the admin","","","assigns new proxy admin",""
"passed","Fri Apr 08 00:58:42 GMT 2022","Fri Apr 08 00:58:46 GMT 2022","4340","Contract: ERC721","with minted tokens","transfers > via safeTransferFrom > with data > to a valid receiver contract > when called by the operator","","","clears the approval for the token ID",""
"passed","Fri Apr 08 00:58:15 GMT 2022","Fri Apr 08 00:58:19 GMT 2022","4269","Contract: ERC721","with minted tokens","transfers > via safeTransferFrom > with data > to a valid receiver contract > when called by the approved individual","","","clears the approval for the token ID",""
"skipped","Fri Apr 08 01:07:13 GMT 2022","Fri Apr 08 01:07:13 GMT 2022","0","Contract: ERC721","metadata","token URI > base URI","","","token URI can be changed by changing the base URI",""
"passed","Fri Apr 08 00:53:42 GMT 2022","Fri Apr 08 00:53:47 GMT 2022","4300","Contract: Address","functionStaticCall","","","","reverts on a non-static function",""
"passed","Fri Apr 08 00:45:04 GMT 2022","Fri Apr 08 00:45:14 GMT 2022","9926","Contract: GovernorTimelockCompound","Contract interface","Governor > hasVoted(uint256,address)","","","has to be implemented",""
"passed","Fri Apr 08 00:46:28 GMT 2022","Fri Apr 08 00:46:39 GMT 2022","11482","Contract: Governor","Contract interface","Governor > execute(address[],uint256[],bytes[],bytes32)","","","has to be implemented",""
"passed","Fri Apr 08 00:53:26 GMT 2022","Fri Apr 08 00:53:33 GMT 2022","7093","Contract: Escrow","as an escrow","deposits","","","can track deposits to multiple accounts",""
"passed","Fri Apr 08 00:46:58 GMT 2022","Fri Apr 08 00:47:04 GMT 2022","6359","Contract: ERC1155Holder","Contract interface","ERC1155Receiver > onERC1155Received(address,address,uint256,uint256,bytes)","","","has to be implemented",""
"passed","Fri Apr 08 00:50:15 GMT 2022","Fri Apr 08 00:50:17 GMT 2022","1983","Contract: ERC721Enumerable","Contract interface","ERC165 > ERC165's supportsInterface(bytes4)","","","claims support [skip-on-coverage]",""
"passed","Fri Apr 08 00:45:23 GMT 2022","Fri Apr 08 00:45:24 GMT 2022","1428","Contract: ERC1155","like an ERC1155","balanceOf > when accounts don't own tokens","","","returns zero for given addresses",""
"passed","Fri Apr 08 00:50:22 GMT 2022","Fri Apr 08 00:50:24 GMT 2022","1564","Contract: ERC721","Contract interface","ERC721 > ERC165's supportsInterface(bytes4)","","","claims support [skip-on-coverage]",""
"passed","Fri Apr 08 00:49:02 GMT 2022","Fri Apr 08 00:49:05 GMT 2022","3408","Contract: ERC20Pausable","pausable token","burn","","","reverts when trying to burn when paused",""
"passed","Fri Apr 08 01:06:31 GMT 2022","Fri Apr 08 01:06:33 GMT 2022","2024","Contract: ERC721","with minted tokens","getApproved > when token is not minted","","","reverts",""
"passed","Fri Apr 08 00:55:46 GMT 2022","Fri Apr 08 00:55:49 GMT 2022","3083","Contract: EnumerableSet","EnumerableBytes32Set","add","","","adds several values",""
"skipped","Fri Apr 08 00:44:18 GMT 2022","Fri Apr 08 00:44:18 GMT 2022","0","Contract: ERC1967Proxy","initialization without parameters","non payable > when not sending balance","","","sets the implementation address",""
"passed","Fri Apr 08 00:44:41 GMT 2022","Fri Apr 08 00:44:45 GMT 2022","3905","Contract: TransparentUpgradeableProxy","without initialization","when sending some balance","","","has expected balance",""
"passed","Fri Apr 08 00:55:50 GMT 2022","Fri Apr 08 00:55:52 GMT 2022","1331","Contract: TimersBlockNumber","","","","","unset",""
"passed","Fri Apr 08 00:44:03 GMT 2022","Fri Apr 08 00:44:04 GMT 2022","1270","Contract: AccessControl","Contract interface","AccessControlEnumerable > ERC165's supportsInterface(bytes4)","","","claims support [skip-on-coverage]",""
"passed","Fri Apr 08 00:48:20 GMT 2022","Fri Apr 08 00:48:22 GMT 2022","2236","Contract: ERC20Pausable","pausable token","transfer","","","allows to transfer when unpaused",""
"skipped","Fri Apr 08 00:43:14 GMT 2022","Fri Apr 08 00:43:14 GMT 2022","0","Contract: TimelockController","usage scenario","","","","call reverting with eth",""
"passed","Fri Apr 08 00:44:04 GMT 2022","Fri Apr 08 00:44:07 GMT 2022","2510","Contract: UpgradeableBeacon","once deployed","","","","returns implementation",""
"passed","Fri Apr 08 01:02:22 GMT 2022","Fri Apr 08 01:02:26 GMT 2022","4281","Contract: ERC721Enumerable","with minted tokens","transfers > via safeTransferFrom > without data > to a valid receiver contract > when called by the owner","","","clears the approval for the token ID",""
"passed","Fri Apr 08 01:06:45 GMT 2022","Fri Apr 08 01:06:46 GMT 2022","1269","Contract: ERC721","_burn","","","","reverts when burning a non-existent token id",""
"passed","Fri Apr 08 00:53:33 GMT 2022","Fri Apr 08 00:53:37 GMT 2022","4150","Contract: ERC165Checker","ERC165 missing return data","","","","does not support mock interface via getSupportedInterfaces",""
"passed","Fri Apr 08 00:57:48 GMT 2022","Fri Apr 08 00:57:52 GMT 2022","4591","Contract: ERC721","with minted tokens","transfers > via safeTransferFrom > with data > to a valid receiver contract > when called by the owner","","","clears the approval for the token ID",""
"passed","Fri Apr 08 01:06:17 GMT 2022","Fri Apr 08 01:06:20 GMT 2022","3012","Contract: ERC721Enumerable","with minted tokens","setApprovalForAll > when the operator willing to approve is not the owner > when the operator was set as not approved","","","can unset the operator approval",""
"passed","Fri Apr 08 00:46:57 GMT 2022","Fri Apr 08 00:46:59 GMT 2022","1858","Contract: ERC20","balanceOf","when the requested account has some tokens","","","returns the total amount of tokens",""
"passed","Fri Apr 08 00:45:27 GMT 2022","Fri Apr 08 00:45:29 GMT 2022","1594","Contract: ERC1155","like an ERC1155","balanceOfBatch","","","reverts when input arrays don't match up",""
"skipped","Fri Apr 08 00:43:14 GMT 2022","Fri Apr 08 00:43:14 GMT 2022","0","Contract: TimelockController","usage scenario","","","","call nonpayable with eth",""
"passed","Fri Apr 08 00:46:39 GMT 2022","Fri Apr 08 00:46:49 GMT 2022","9672","Contract: Governor","Contract interface","Governor > castVote(uint256,uint8)","","","has to be implemented",""
"passed","Fri Apr 08 00:53:55 GMT 2022","Fri Apr 08 00:53:56 GMT 2022","996","Contract: ERC165Storage","","","","","does not allow 0xffffffff",""
"passed","Fri Apr 08 01:02:39 GMT 2022","Fri Apr 08 01:02:43 GMT 2022","4094","Contract: ERC721Enumerable","with minted tokens","transfers > via safeTransferFrom > without data > to a valid receiver contract > when called by the approved individual","","","transfers the ownership of the given token ID to the given address",""
"passed","Fri Apr 08 00:50:10 GMT 2022","Fri Apr 08 00:50:15 GMT 2022","4600","Contract: ERC1155","like an ERC1155","safeBatchTransferFrom > to a receiver contract returning unexpected value","","","reverts",""
"passed","Fri Apr 08 00:46:20 GMT 2022","Fri Apr 08 00:46:33 GMT 2022","12312","Contract: ERC1155Pausable","when token is paused","setApprovalForAll","","","approves an operator",""
"passed","Fri Apr 08 01:07:34 GMT 2022","Fri Apr 08 01:07:36 GMT 2022","2024","Contract: ERC721Enumerable","with minted tokens","tokenByIndex","","","returns all tokens",""
"passed","Fri Apr 08 00:45:35 GMT 2022","Fri Apr 08 00:45:40 GMT 2022","4910","Contract: ERC1155Burnable","burn","","","","unapproved accounts cannot burn the holder's tokens",""
"passed","Fri Apr 08 00:54:52 GMT 2022","Fri Apr 08 00:54:53 GMT 2022","1328","Contract: SafeCast","toUint96","","","","reverts when downcasting 2^96 (79228162514264337593543950336)",""
"passed","Fri Apr 08 00:56:44 GMT 2022","Fri Apr 08 00:56:49 GMT 2022","4803","Contract: ERC721","with minted tokens","transfers > via safeTransferFrom > with data > to a user account > when called by the owner without an approved user","","","emits an Approval event",""
"passed","Fri Apr 08 00:48:24 GMT 2022","Fri Apr 08 00:48:29 GMT 2022","5121","Contract: ERC20Snapshot","snapshot","","","","creates increasing snapshots ids, starting from 1",""
"passed","Fri Apr 08 00:55:46 GMT 2022","Fri Apr 08 00:55:47 GMT 2022","1351","Contract: SafeCast","toInt16","","","","reverts when downcasting -2^15 - 2 (-32770)",""
"passed","Fri Apr 08 00:42:43 GMT 2022","Fri Apr 08 00:42:44 GMT 2022","212","Contract: PaymentSplitter","","","","","rejects an empty set of payees",""
"passed","Fri Apr 08 00:46:33 GMT 2022","Fri Apr 08 00:46:38 GMT 2022","5493","Contract: ERC1155Pausable","when token is paused","balanceOf","","","returns the amount of tokens owned by the given address",""
"passed","Fri Apr 08 01:07:55 GMT 2022","Fri Apr 08 01:07:58 GMT 2022","2992","Contract: ERC721Enumerable","_burn","with minted tokens > with burnt token","","","burns all tokens",""
"passed","Fri Apr 08 01:00:56 GMT 2022","Fri Apr 08 01:00:59 GMT 2022","3300","Contract: ERC721","with minted tokens","transfers > via safeTransferFrom > without data > to a user account > when called by the operator","","","emits a Transfer event",""
"skipped","Fri Apr 08 00:54:50 GMT 2022","Fri Apr 08 00:54:50 GMT 2022","0","Contract: Governor","Proposal length","","","","missmatch #1",""
"passed","Fri Apr 08 00:52:55 GMT 2022","Fri Apr 08 00:52:59 GMT 2022","3992","Contract: ECDSA","recover with valid signature","","","","reverts with high-s value signature",""
"passed","Fri Apr 08 00:45:12 GMT 2022","Fri Apr 08 00:45:13 GMT 2022","1023","tests.brownie","test_brownie","","","","test_brownie_connect",""
"passed","Fri Apr 08 01:03:06 GMT 2022","Fri Apr 08 01:03:10 GMT 2022","4092","Contract: ERC721","with minted tokens","transfers > via safeTransferFrom > without data > to a valid receiver contract > when called by the approved individual","","","adjusts owners tokens by index",""
"passed","Fri Apr 08 01:00:30 GMT 2022","Fri Apr 08 01:00:34 GMT 2022","3782","Contract: ERC721Enumerable","with minted tokens","transfers > via safeTransferFrom > without data > to a user account > when called by the approved individual","","","transfers the ownership of the given token ID to the given address",""
"passed","Fri Apr 08 00:47:55 GMT 2022","Fri Apr 08 00:48:02 GMT 2022","7484","Contract: TransparentUpgradeableProxy","regression","","","","should change function signature",""
"passed","Fri Apr 08 00:54:47 GMT 2022","Fri Apr 08 00:54:48 GMT 2022","1227","Contract: SafeCast","toUint64","","","","reverts when downcasting 2^64 + 1 (18446744073709551617)",""
"passed","Fri Apr 08 00:42:45 GMT 2022","Fri Apr 08 00:42:46 GMT 2022","1307","Contract: AccessControl","Contract interface","AccessControl > ERC165's supportsInterface(bytes4)","","","claims support [skip-on-coverage]",""
"passed","Fri Apr 08 00:50:28 GMT 2022","Fri Apr 08 00:50:34 GMT 2022","5782","Contract: ERC1155","like an ERC1155","safeBatchTransferFrom > to a receiver contract that reverts only on single transfers","","","credits transferred balances to receiver",""
"passed","Fri Apr 08 00:54:31 GMT 2022","Fri Apr 08 00:54:35 GMT 2022","3876","Contract: SignedSafeMath","add","","","","adds correctly if it does not overflow and the result is positive",""
"passed","Fri Apr 08 00:53:18 GMT 2022","Fri Apr 08 00:53:23 GMT 2022","4706","Contract: ERC721Enumerable","with minted tokens","transfers > via transferFrom > when called by the owner without an approved user","","","clears the approval for the token ID",""
"passed","Fri Apr 08 00:57:16 GMT 2022","Fri Apr 08 00:57:19 GMT 2022","3077","Contract: ERC721","with minted tokens","transfers > via safeTransferFrom > with data > to a user account > when the address of the previous owner is incorrect","","","reverts",""
"passed","Fri Apr 08 00:56:42 GMT 2022","Fri Apr 08 00:56:44 GMT 2022","2212","Contract: EnumerableSet","EnumerableUintSet","add","","","adds several values",""
"passed","Fri Apr 08 00:55:26 GMT 2022","Fri Apr 08 00:55:29 GMT 2022","3472","Contract: BitMap","","","","","starts empty",""
"passed","Fri Apr 08 00:45:11 GMT 2022","Fri Apr 08 00:45:13 GMT 2022","2338","Contract: ReentrancyGuard","","","","","nonReentrant function can be called",""
"passed","Fri Apr 08 01:04:22 GMT 2022","Fri Apr 08 01:04:27 GMT 2022","4146","Contract: ERC721","with minted tokens","transfers > via safeTransferFrom > without data > to a valid receiver contract > when sent to the owner","","","keeps same tokens by index",""
"skipped","Fri Apr 08 00:48:27 GMT 2022","Fri Apr 08 00:48:27 GMT 2022","0","Contract: ERC20Votes","set delegation","call","","","delegation with balance",""
"passed","Fri Apr 08 00:54:49 GMT 2022","Fri Apr 08 00:54:53 GMT 2022","3812","Contract: ERC721Enumerable","with minted tokens","transfers > via safeTransferFrom > with data > to a user account > when called by the owner","","","emits a Transfer event",""
"passed","Fri Apr 08 00:52:21 GMT 2022","Fri Apr 08 00:52:24 GMT 2022","3708","Contract: ERC721URIStorage","token URI","","","","tokens with URI can be burnt ",""
"skipped","Fri Apr 08 00:48:24 GMT 2022","Fri Apr 08 00:48:24 GMT 2022","0","Contract: ERC20VotesComp","transfers","","","","full delegation",""
"passed","Fri Apr 08 00:52:27 GMT 2022","Fri Apr 08 00:52:28 GMT 2022","1902","Contract: ERC721PresetMinterPauserAutoId","Contract interface","ERC721Enumerable > totalSupply()","","","has to be implemented",""
"passed","Fri Apr 08 01:04:30 GMT 2022","Fri Apr 08 01:04:34 GMT 2022","3735","Contract: ERC721","with minted tokens","transfers > via safeTransferFrom > without data > to a valid receiver contract > when the sender is not authorized for the token id","","","reverts",""
"passed","Fri Apr 08 01:05:55 GMT 2022","Fri Apr 08 01:05:58 GMT 2022","2492","Contract: ERC721Enumerable","with minted tokens","approve > when the sender is approved for the given token ID","","","reverts",""
"passed","Fri Apr 08 00:42:44 GMT 2022","Fri Apr 08 00:42:44 GMT 2022","114","Contract: PaymentSplitter","","","","","rejects repeated payees",""
"passed","Fri Apr 08 00:57:39 GMT 2022","Fri Apr 08 00:57:44 GMT 2022","4113","Contract: ERC721Enumerable","with minted tokens","transfers > via safeTransferFrom > with data > to a valid receiver contract > when called by the owner","","","emits a Transfer event",""
"passed","Fri Apr 08 00:54:29 GMT 2022","Fri Apr 08 00:54:36 GMT 2022","6535","Contract: ERC165Checker","ERC165 and many interfaces supported","","","","supports not all of the interfaces queried via supportsAllInterfaces",""
"passed","Fri Apr 08 01:07:44 GMT 2022","Fri Apr 08 01:07:46 GMT 2022","1303","Contract: ERC721Enumerable","_mint(address, uint256)","","","","reverts with a null destination address",""
"passed","Fri Apr 08 00:47:18 GMT 2022","Fri Apr 08 00:47:19 GMT 2022","1330","Contract: ERC20","transfer","when the recipient is the zero address","","","reverts",""
"passed","Fri Apr 08 00:49:17 GMT 2022","Fri Apr 08 00:49:19 GMT 2022","1934","Contract: ERC20PresetMinterPauser","","","","","minter and pauser role admin is the default admin",""
"passed","Fri Apr 08 00:45:29 GMT 2022","Fri Apr 08 00:45:35 GMT 2022","6381","Contract: ERC1155Burnable","burn","","","","approved operators can burn the holder's tokens",""
"passed","Fri Apr 08 00:50:02 GMT 2022","Fri Apr 08 00:50:05 GMT 2022","3435","Contract: SafeERC20","with token that returns true on all calls","","","","doesn't revert on transferFrom",""
"passed","Fri Apr 08 00:53:41 GMT 2022","Fri Apr 08 00:53:55 GMT 2022","13685","Contract: Governor","Cancel","After vote","","","run",""
"passed","Fri Apr 08 00:44:22 GMT 2022","Fri Apr 08 00:44:23 GMT 2022","1206","Contract: BeaconProxy","initialization","","","","reverting initialization",""
"passed","Fri Apr 08 00:50:48 GMT 2022","Fri Apr 08 00:50:54 GMT 2022","5437","Contract: ERC721","with minted tokens","balanceOf > when querying the zero address","","","throws",""
"passed","Fri Apr 08 00:44:28 GMT 2022","Fri Apr 08 00:44:28 GMT 2022","127","Contract: ERC1967Proxy","initialization with parameters","non payable > when sending some balance","","","reverts",""
"passed","Fri Apr 08 00:49:19 GMT 2022","Fri Apr 08 00:49:23 GMT 2022","4347","Contract: ERC20","_burn","for a non zero account > for entire balance","","","decrements initialHolder balance",""
"broken","Fri Apr 08 00:50:25 GMT 2022","Fri Apr 08 00:50:37 GMT 2022","11356","Contract: Governor","scenario","double cast","","","run",""
"passed","Fri Apr 08 00:46:30 GMT 2022","Fri Apr 08 00:46:34 GMT 2022","4009","Contract: ERC1155PresetMinterPauser","Contract interface","ERC1155 > safeTransferFrom(address,address,uint256,uint256,bytes)","","","has to be implemented",""
"passed","Fri Apr 08 00:50:35 GMT 2022","Fri Apr 08 00:50:36 GMT 2022","1901","Contract: ERC721Enumerable","Contract interface","ERC721 > safeTransferFrom(address,address,uint256)","","","has to be implemented",""
"passed","Fri Apr 08 01:05:53 GMT 2022","Fri Apr 08 01:05:56 GMT 2022","2284","Contract: ERC721","with minted tokens","approve > when the address that receives the approval is the owner","","","reverts",""
"passed","Fri Apr 08 00:57:30 GMT 2022","Fri Apr 08 00:57:35 GMT 2022","4562","Contract: ERC721Enumerable","with minted tokens","transfers > via safeTransferFrom > with data > to a valid receiver contract","","","calls onERC721Received from approved",""
"passed","Fri Apr 08 00:46:40 GMT 2022","Fri Apr 08 00:46:42 GMT 2022","1653","Contract: ERC1155PresetMinterPauser","Contract interface","AccessControl > hasRole(bytes32,address)","","","has to be implemented",""
"passed","Fri Apr 08 00:49:01 GMT 2022","Fri Apr 08 00:49:20 GMT 2022","18432","Contract: Governor","scenario","receiver revert with reason","","","run",""
"passed","Fri Apr 08 00:47:35 GMT 2022","Fri Apr 08 00:47:35 GMT 2022","450","Contract: ERC20Capped","","","","","requires a non-zero cap",""
"passed","Fri Apr 08 00:55:15 GMT 2022","Fri Apr 08 00:55:18 GMT 2022","3142","Contract: StorageSlot","address storage slot","get","","","from right slot",""
"passed","Fri Apr 08 00:45:21 GMT 2022","Fri Apr 08 00:45:23 GMT 2022","1326","Contract: ERC1155","like an ERC1155","balanceOf","","","reverts when queried about the zero address",""
"passed","Fri Apr 08 00:54:49 GMT 2022","Fri Apr 08 00:54:51 GMT 2022","1375","Contract: ERC165Checker","account address does not support ERC165","","","","does not support mock interface via getSupportedInterfaces",""
"passed","Fri Apr 08 00:52:43 GMT 2022","Fri Apr 08 00:52:46 GMT 2022","3675","Contract: Address","sendValue","when sender contract has funds > with contract recipient","","","reverts on recipient revert",""
"passed","Fri Apr 08 00:49:23 GMT 2022","Fri Apr 08 00:49:29 GMT 2022","5629","Contract: ERC20","_burn","for a non zero account > for entire balance","","","emits Transfer event",""
"broken","Fri Apr 08 00:43:47 GMT 2022","Fri Apr 08 00:43:50 GMT 2022","3653","Contract: ERC2771Context","when receiving a relayed call","msgSender","","","returns the relayed transaction original sender",""
"passed","Fri Apr 08 00:50:36 GMT 2022","Fri Apr 08 00:50:41 GMT 2022","5140","Contract: SafeERC20","with token that returns true on all calls","approvals > with non-zero allowance","","","doesn't revert when decreasing the allowance to a positive value",""
"passed","Fri Apr 08 00:54:22 GMT 2022","Fri Apr 08 00:54:25 GMT 2022","3310","Contract: ERC721Enumerable","with minted tokens","transfers > via transferFrom > when the address of the previous owner is incorrect","","","reverts",""
"passed","Fri Apr 08 00:49:43 GMT 2022","Fri Apr 08 00:49:53 GMT 2022","10123","Contract: ERC1155","like an ERC1155","safeBatchTransferFrom > when sending to a valid receiver > with data","","","debits transferred balances from sender",""
"passed","Fri Apr 08 01:03:42 GMT 2022","Fri Apr 08 01:03:47 GMT 2022","4991","Contract: ERC721Enumerable","with minted tokens","transfers > via safeTransferFrom > without data > to a valid receiver contract > when called by the owner without an approved user","","","clears the approval for the token ID",""
"skipped","Fri Apr 08 00:43:14 GMT 2022","Fri Apr 08 00:43:14 GMT 2022","0","Contract: TimelockController","methods","batch > execute","","","partial execution",""
"passed","Fri Apr 08 00:51:53 GMT 2022","Fri Apr 08 00:52:02 GMT 2022","8643","Contract: ERC721Enumerable","with minted tokens","transfers > via transferFrom > when called by the approved individual","","","emits a Transfer event",""
"passed","Fri Apr 08 00:55:06 GMT 2022","Fri Apr 08 00:55:07 GMT 2022","1350","Contract: SafeCast","toUint224","","","","downcasts 1",""
"passed","Fri Apr 08 00:43:46 GMT 2022","Fri Apr 08 00:43:55 GMT 2022","8141","Contract: GovernorTimelockCompound","Contract interface","Governor > COUNTING_MODE()","","","has to be implemented",""
"passed","Fri Apr 08 00:51:48 GMT 2022","Fri Apr 08 00:51:50 GMT 2022","1962","Contract: ERC721URIStorage","token URI","","","","reverts when queried for non existent token id",""
"skipped","Fri Apr 08 00:44:38 GMT 2022","Fri Apr 08 00:44:38 GMT 2022","0","Contract: TransparentUpgradeableProxy","without initialization","when sending some balance","","","sets the implementation address",""
"passed","Fri Apr 08 00:49:18 GMT 2022","Fri Apr 08 00:49:41 GMT 2022","23425","Contract: GovernorTimelockCompound","cancel after queue prevents executing","","","","run",""
"passed","Fri Apr 08 00:52:20 GMT 2022","Fri Apr 08 00:52:21 GMT 2022","1276","Contract: ERC721PresetMinterPauserAutoId","Contract interface","ERC721 > safeTransferFrom(address,address,uint256)","","","has to be implemented",""
"passed","Fri Apr 08 00:56:53 GMT 2022","Fri Apr 08 00:56:57 GMT 2022","4554","Contract: ERC721","with minted tokens","transfers > via safeTransferFrom > with data > to a user account > when called by the owner without an approved user","","","adjusts owners tokens by index",""
"passed","Fri Apr 08 00:55:58 GMT 2022","Fri Apr 08 00:56:07 GMT 2022","8843","Contract: TimersBlockNumber","","","","","reset",""
"passed","Fri Apr 08 00:45:16 GMT 2022","Fri Apr 08 00:45:18 GMT 2022","1648","Contract: ReentrancyGuard","","","","","does not allow local recursion",""
"passed","Fri Apr 08 00:45:11 GMT 2022","Fri Apr 08 00:45:13 GMT 2022","2214","Contract: Pausable","when unpaused","when paused","","","reverts when re-pausing",""
"passed","Fri Apr 08 00:51:20 GMT 2022","Fri Apr 08 00:51:33 GMT 2022","12919","Contract: SafeERC20","with token that returns no boolean values","approvals > with non-zero allowance","","","doesn't revert when approving a zero allowance",""
"passed","Fri Apr 08 00:42:50 GMT 2022","Fri Apr 08 00:42:58 GMT 2022","7130","Contract: GovernorTimelockCompound","Contract interface","ERC165 > ERC165's supportsInterface(bytes4)","","","claims support [skip-on-coverage]",""
"passed","Fri Apr 08 00:45:37 GMT 2022","Fri Apr 08 00:45:52 GMT 2022","14711","Contract: GovernorTimelockCompound","Contract interface","Governor > castVoteWithReason(uint256,uint8,string)","","","has to be implemented",""
"passed","Fri Apr 08 01:04:31 GMT 2022","Fri Apr 08 01:04:35 GMT 2022","3679","Contract: ERC721Enumerable","with minted tokens","transfers > via safeTransferFrom > without data > to a valid receiver contract > when the given token ID does not exist","","","reverts",""
"passed","Fri Apr 08 00:48:14 GMT 2022","Fri Apr 08 00:48:21 GMT 2022","6800","Contract: ERC1155","like an ERC1155","safeTransferFrom > to a receiver contract that reverts","","","reverts",""
"passed","Fri Apr 08 00:45:59 GMT 2022","Fri Apr 08 00:46:03 GMT 2022","3791","Contract: ERC1155","like an ERC1155","setApprovalForAll","","","reverts if attempting to approve self as an operator",""
"passed","Fri Apr 08 00:56:23 GMT 2022","Fri Apr 08 00:56:25 GMT 2022","2070","Contract: SafeCast","toInt128","","","","downcasts 1",""
"passed","Fri Apr 08 00:52:36 GMT 2022","Fri Apr 08 00:52:37 GMT 2022","1486","Contract: Arrays","findUpperBound","Array with gap","","","returns index of first element in next filled range",""
"passed","Fri Apr 08 01:07:02 GMT 2022","Fri Apr 08 01:07:03 GMT 2022","1634","Contract: ERC721Enumerable","metadata","token URI","","","return empty string by default",""
"passed","Fri Apr 08 00:45:16 GMT 2022","Fri Apr 08 00:45:17 GMT 2022","1654","Contract: TransparentUpgradeableProxy","initialization with parameters","non payable > when sending some balance","","","reverts",""
"passed","Fri Apr 08 00:56:28 GMT 2022","Fri Apr 08 00:56:31 GMT 2022","3654","Contract: ERC721","with minted tokens","transfers > via safeTransferFrom > with data > to a user account > when called by the operator","","","adjusts owners tokens by index",""
"passed","Fri Apr 08 00:59:13 GMT 2022","Fri Apr 08 00:59:18 GMT 2022","4493","Contract: ERC721Enumerable","with minted tokens","transfers > via safeTransferFrom > with data > to a valid receiver contract > when called by the owner without an approved user","","","emits an Approval event",""
"passed","Fri Apr 08 00:55:25 GMT 2022","Fri Apr 08 00:55:26 GMT 2022","1317","Contract: SafeCast","toInt8","","","","downcasts -2^7 (-128)",""
"passed","Fri Apr 08 00:49:42 GMT 2022","Fri Apr 08 00:49:46 GMT 2022","4158","Contract: SafeERC20","with token that returns false on all calls","","","","reverts on transferFrom",""
"passed","Fri Apr 08 01:02:18 GMT 2022","Fri Apr 08 01:02:22 GMT 2022","4098","Contract: ERC721Enumerable","with minted tokens","transfers > via safeTransferFrom > without data > to a valid receiver contract > when called by the owner","","","emits a Transfer event",""
"passed","Fri Apr 08 00:51:04 GMT 2022","Fri Apr 08 00:51:09 GMT 2022","4629","Contract: ERC721","with minted tokens","transfers > via transferFrom > when called by the owner","","","transfers the ownership of the given token ID to the given address",""
"passed","Fri Apr 08 01:07:28 GMT 2022","Fri Apr 08 01:07:31 GMT 2022","3013","Contract: ERC721Enumerable","with minted tokens","tokenOfOwnerByIndex > after transferring all tokens to another user","","","returns correct token IDs for target",""
"passed","Fri Apr 08 00:54:50 GMT 2022","Fri Apr 08 00:54:51 GMT 2022","1544","Contract: SafeMath","with flag","mod > modulos correctly","","","when the dividend is equal to the divisor",""
"passed","Fri Apr 08 01:06:27 GMT 2022","Fri Apr 08 01:06:29 GMT 2022","2204","Contract: ERC721Enumerable","with minted tokens","setApprovalForAll > when the operator is the owner","","","reverts",""
"passed","Fri Apr 08 01:03:24 GMT 2022","Fri Apr 08 01:03:28 GMT 2022","4094","Contract: ERC721","with minted tokens","transfers > via safeTransferFrom > without data > to a valid receiver contract > when called by the operator","","","emits an Approval event",""
"passed","Fri Apr 08 00:47:51 GMT 2022","Fri Apr 08 00:47:53 GMT 2022","2178","Contract: ERC20","approve","when the spender is not the zero address > when the sender has enough balance > when there was no approved amount before","","","approves the requested amount",""
"passed","Fri Apr 08 01:07:23 GMT 2022","Fri Apr 08 01:07:25 GMT 2022","2048","Contract: ERC721Enumerable","with minted tokens","tokenOfOwnerByIndex > when the index is greater than or equal to the total tokens owned by the given address","","","reverts",""
"passed","Fri Apr 08 00:50:37 GMT 2022","Fri Apr 08 00:50:42 GMT 2022","4652","Contract: ERC721Burnable","like a burnable ERC721","burn > when successful","","","emits a burn event",""
"passed","Fri Apr 08 01:04:50 GMT 2022","Fri Apr 08 01:04:54 GMT 2022","4148","Contract: ERC721","with minted tokens","transfers > via safeTransferFrom > to a receiver contract that reverts with message","","","reverts",""
"passed","Fri Apr 08 00:50:18 GMT 2022","Fri Apr 08 00:50:20 GMT 2022","2261","Contract: ERC721","Contract interface","ERC165 > supportsInterface(bytes4)","","","has to be implemented",""
"passed","Fri Apr 08 00:42:58 GMT 2022","Fri Apr 08 00:43:04 GMT 2022","6757","Contract: GovernorTimelockCompound","Contract interface","ERC165 > supportsInterface(bytes4)","","","has to be implemented",""
"passed","Fri Apr 08 00:54:39 GMT 2022","Fri Apr 08 00:54:41 GMT 2022","1581","Contract: SignedSafeMath","add","","","","reverts on positive addition overflow",""
"passed","Fri Apr 08 00:48:03 GMT 2022","Fri Apr 08 00:48:08 GMT 2022","5275","Contract: ERC20Burnable","burnFrom","on success > for a non-zero amount","","","emits a transfer event",""
"passed","Fri Apr 08 00:43:54 GMT 2022","Fri Apr 08 00:43:55 GMT 2022","1273","Contract: MinimalForwarder","with message","verify > invalid signature","","","tampered signature",""
"passed","Fri Apr 08 00:48:33 GMT 2022","Fri Apr 08 00:48:42 GMT 2022","9148","Contract: ERC1155","like an ERC1155","safeBatchTransferFrom > when called by the multiTokenHolder","","","debits transferred balances from sender",""
"passed","Fri Apr 08 00:53:50 GMT 2022","Fri Apr 08 00:53:53 GMT 2022","2639","Contract: ERC165Checker","ERC165 supported","","","","supports ERC165",""
"passed","Fri Apr 08 00:52:45 GMT 2022","Fri Apr 08 00:52:49 GMT 2022","3790","Contract: Counters","decrement","starting from 1","","","reverts if the current value is 0",""
"passed","Fri Apr 08 00:48:59 GMT 2022","Fri Apr 08 00:49:17 GMT 2022","18133","Contract: GovernorTimelockCompound","cancel before queue prevents scheduling","","","","run",""
"broken","Fri Apr 08 00:51:24 GMT 2022","Fri Apr 08 00:51:53 GMT 2022","29399","Contract: GovernorTimelockControl","updateTimelock","using workflow","","","run",""
"passed","Fri Apr 08 01:05:21 GMT 2022","Fri Apr 08 01:05:24 GMT 2022","3010","Contract: ERC721","with minted tokens","safe mint > via safeMint > to a receiver contract that panics","","","reverts",""
"passed","Fri Apr 08 00:47:56 GMT 2022","Fri Apr 08 00:48:10 GMT 2022","14115","Contract: GovernorTimelockControl","Contract interface","GovernorTimelock > timelock()","","","has to be implemented",""
"passed","Fri Apr 08 00:52:45 GMT 2022","Fri Apr 08 00:52:53 GMT 2022","7675","Contract: ERC721","with minted tokens","transfers > via transferFrom > when called by the operator","","","emits an Approval event",""
"passed","Fri Apr 08 00:54:22 GMT 2022","Fri Apr 08 00:54:24 GMT 2022","1240","Contract: SafeCast","toUint16","","","","downcasts 1",""
"passed","Fri Apr 08 00:53:04 GMT 2022","Fri Apr 08 00:53:08 GMT 2022","3805","Contract: ERC721","with minted tokens","transfers > via transferFrom > when called by the operator","","","adjusts owners tokens by index",""
"passed","Fri Apr 08 00:43:35 GMT 2022","Fri Apr 08 00:43:52 GMT 2022","17237","Contract: GovernorTimelockControl","Contract interface","Governor > ERC165's supportsInterface(bytes4)","","","claims support [skip-on-coverage]",""
"passed","Fri Apr 08 00:44:10 GMT 2022","Fri Apr 08 00:44:16 GMT 2022","5626","Contract: AccessControl","enumerating","","","","role enumeration should be in sync after renounceRole call",""
"passed","Fri Apr 08 00:48:22 GMT 2022","Fri Apr 08 00:48:24 GMT 2022","2219","Contract: ERC20Snapshot","snapshot","","","","emits a snapshot event",""
"passed","Fri Apr 08 00:49:25 GMT 2022","Fri Apr 08 00:49:32 GMT 2022","6816","Contract: ERC20","withdraw","","","","to other account",""
"passed","Fri Apr 08 00:45:48 GMT 2022","Fri Apr 08 00:45:53 GMT 2022","5821","Contract: TransparentUpgradeableProxy","upgradeToAndCall","without migrations > when the call does not fail > when the sender is the admin","","","upgrades to the requested implementation",""
"passed","Fri Apr 08 00:50:36 GMT 2022","Fri Apr 08 00:50:43 GMT 2022","7049","Contract: ERC20","erc20 behaviour","transfer from > when the token owner is not the zero address > when the recipient is not the zero address > when the spender has enough approved balance > when the token owner has enough balance","","","transfers the requested amount",""
"passed","Fri Apr 08 00:55:26 GMT 2022","Fri Apr 08 00:55:37 GMT 2022","10499","Contract: ERC721","with minted tokens","transfers > via safeTransferFrom > with data > to a user account > when called by the approved individual","","","emits a Transfer event",""
"passed","Fri Apr 08 00:55:13 GMT 2022","Fri Apr 08 00:55:14 GMT 2022","1127","Contract: SafeCast","toUint256","","","","casts 0",""
"passed","Fri Apr 08 00:51:45 GMT 2022","Fri Apr 08 00:51:48 GMT 2022","3135","Contract: ERC1155","internal functions","_burn > with minted-then-burnt tokens","","","emits a TransferSingle event",""
"passed","Fri Apr 08 00:54:25 GMT 2022","Fri Apr 08 00:54:35 GMT 2022","10009","Contract: ERC721Enumerable","with minted tokens","transfers > via transferFrom > when the sender is not authorized for the token id","","","reverts",""
"passed","Fri Apr 08 00:42:47 GMT 2022","Fri Apr 08 00:42:49 GMT 2022","2547","Contract: PaymentSplitter","once deployed","","","","has payees",""
"passed","Fri Apr 08 00:51:51 GMT 2022","Fri Apr 08 00:51:52 GMT 2022","1300","Contract: ERC1155","internal functions","_burnBatch","","","reverts when burning the zero account's tokens",""
"passed","Fri Apr 08 00:56:16 GMT 2022","Fri Apr 08 00:56:18 GMT 2022","1842","Contract: TimersTimestamp","","","","","expired",""
"passed","Fri Apr 08 00:55:27 GMT 2022","Fri Apr 08 00:55:29 GMT 2022","2694","Contract: SafeMath","with custom revert message","div","","","returns complete number result on non-even division",""
"passed","Fri Apr 08 00:54:48 GMT 2022","Fri Apr 08 00:54:50 GMT 2022","1252","Contract: SignedSafeMath","mul","","","","multiplies by zero correctly",""
"passed","Fri Apr 08 01:02:31 GMT 2022","Fri Apr 08 01:02:35 GMT 2022","4224","Contract: ERC721Enumerable","with minted tokens","transfers > via safeTransferFrom > without data > to a valid receiver contract > when called by the owner","","","adjusts owners balances",""
"passed","Fri Apr 08 00:43:12 GMT 2022","Fri Apr 08 00:43:36 GMT 2022","23857","Contract: GovernorVotesQuorumFraction","update quorum ratio through proposal","","","","run",""
"passed","Fri Apr 08 00:50:14 GMT 2022","Fri Apr 08 00:50:18 GMT 2022","4531","Contract: SafeERC20","with token that returns true on all calls","approvals > with zero allowance","","","doesn't revert when increasing the allowance",""
"passed","Fri Apr 08 00:55:52 GMT 2022","Fri Apr 08 00:55:53 GMT 2022","1039","Contract: SafeCast","toInt32","","","","downcasts -1",""
"broken","Fri Apr 08 00:50:09 GMT 2022","Fri Apr 08 00:50:09 GMT 2022","0","Contract: GovernorTimelockCompound","updateTimelock","using workflow","","","""after each"" hook for ""run""",""
"passed","Fri Apr 08 00:53:46 GMT 2022","Fri Apr 08 00:53:48 GMT 2022","1298","Contract: Escrow","as an escrow","withdrawals","","","only the owner can withdraw",""
"passed","Fri Apr 08 00:44:57 GMT 2022","Fri Apr 08 00:45:01 GMT 2022","3927","Contract: ProxyAdmin","#upgradeAndCall","with authorized account > with invalid callData","","","fails to upgrade",""
"passed","Fri Apr 08 00:55:09 GMT 2022","Fri Apr 08 00:55:12 GMT 2022","2234","Contract: SafeCast","toUint224","","","","reverts when downcasting 2^224 (26959946667150639794667015087019630673637144422540572481103610249216)",""
"passed","Fri Apr 08 00:54:46 GMT 2022","Fri Apr 08 00:54:47 GMT 2022","1219","Contract: ERC165Checker","account address does not support ERC165","","","","does not support ERC165",""
"passed","Fri Apr 08 00:59:14 GMT 2022","Fri Apr 08 00:59:18 GMT 2022","4493","Contract: ERC721","with minted tokens","transfers > via safeTransferFrom > with data > to a valid receiver contract > when called by the owner without an approved user","","","emits an Approval event",""
"skipped","Fri Apr 08 00:43:14 GMT 2022","Fri Apr 08 00:43:14 GMT 2022","0","Contract: TimelockController","methods","batch > schedule","","","prevent overwritting active operation",""
"passed","Fri Apr 08 00:59:51 GMT 2022","Fri Apr 08 00:59:55 GMT 2022","3767","Contract: ERC721","with minted tokens","transfers > via safeTransferFrom > with data > to a valid receiver contract > when the address of the previous owner is incorrect","","","reverts",""
"passed","Fri Apr 08 00:45:01 GMT 2022","Fri Apr 08 00:45:09 GMT 2022","7215","Contract: ProxyAdmin","#upgradeAndCall","with authorized account > with valid callData","","","upgrades implementation",""
"passed","Fri Apr 08 00:55:37 GMT 2022","Fri Apr 08 00:55:41 GMT 2022","4628","Contract: ERC721","with minted tokens","transfers > via safeTransferFrom > with data > to a user account > when called by the approved individual","","","clears the approval for the token ID",""
"passed","Fri Apr 08 00:54:42 GMT 2022","Fri Apr 08 00:54:43 GMT 2022","1180","Contract: SignedSafeMath","sub","","","","subtracts correctly if it does not overflow and the result is positive",""
"passed","Fri Apr 08 00:52:14 GMT 2022","Fri Apr 08 00:52:16 GMT 2022","2420","Contract: Address","isContract","","","","returns false for account address",""
"passed","Fri Apr 08 01:00:20 GMT 2022","Fri Apr 08 01:00:24 GMT 2022","3761","Contract: ERC721Enumerable","with minted tokens","transfers > via safeTransferFrom > without data > to a user account > when called by the owner","","","emits an Approval event",""
"passed","Fri Apr 08 00:55:08 GMT 2022","Fri Apr 08 00:55:15 GMT 2022","7478","Contract: ERC721Enumerable","with minted tokens","transfers > via safeTransferFrom > with data > to a user account > when called by the owner","","","adjusts owners balances",""
"passed","Fri Apr 08 00:52:39 GMT 2022","Fri Apr 08 00:52:40 GMT 2022","1233","Contract: ERC721PresetMinterPauserAutoId","Contract interface","AccessControl > grantRole(bytes32,address)","","","has to be implemented",""
"passed","Fri Apr 08 01:04:05 GMT 2022","Fri Apr 08 01:04:10 GMT 2022","4620","Contract: ERC721Enumerable","with minted tokens","transfers > via safeTransferFrom > without data > to a valid receiver contract > when sent to the owner","","","clears the approval for the token ID",""
"passed","Fri Apr 08 00:46:46 GMT 2022","Fri Apr 08 00:46:48 GMT 2022","2125","Contract: ERC1155PresetMinterPauser","Contract interface","AccessControl > revokeRole(bytes32,address)","","","has to be implemented",""
"failed","Fri Apr 08 00:50:33 GMT 2022","Fri Apr 08 00:50:33 GMT 2022","0","Contract: GovernorTimelockControl","re-queue / re-execute","","","","""after each"" hook for ""run""",""
"passed","Fri Apr 08 01:03:47 GMT 2022","Fri Apr 08 01:03:52 GMT 2022","5431","Contract: ERC721Enumerable","with minted tokens","transfers > via safeTransferFrom > without data > to a valid receiver contract > when called by the owner without an approved user","","","emits an Approval event",""
"passed","Fri Apr 08 00:52:19 GMT 2022","Fri Apr 08 00:52:23 GMT 2022","4184","Contract: ERC721Enumerable","with minted tokens","transfers > via transferFrom > when called by the approved individual","","","adjusts owners balances",""
"skipped","Fri Apr 08 00:48:27 GMT 2022","Fri Apr 08 00:48:27 GMT 2022","0","Contract: ERC20Votes","","","","","domain separator",""
"passed","Fri Apr 08 00:46:54 GMT 2022","Fri Apr 08 00:46:56 GMT 2022","2069","Contract: ERC1155PresetMinterPauser","Contract interface","AccessControlEnumerable > getRoleMember(bytes32,uint256)","","","has to be implemented",""
"passed","Fri Apr 08 00:57:19 GMT 2022","Fri Apr 08 00:57:22 GMT 2022","2944","Contract: ERC721","with minted tokens","transfers > via safeTransferFrom > with data > to a user account > when the sender is not authorized for the token id","","","reverts",""
"passed","Fri Apr 08 00:46:25 GMT 2022","Fri Apr 08 00:46:36 GMT 2022","11722","Contract: TransparentUpgradeableProxy","upgradeToAndCall","with migrations > when the sender is the admin > when upgrading to V1 > when upgrading to V2","","","upgrades to the requested version and emits an event",""
"skipped","Fri Apr 08 00:48:27 GMT 2022","Fri Apr 08 00:48:27 GMT 2022","0","Contract: ERC20Votes","","","","","minting restriction",""
"skipped","Fri Apr 08 00:43:14 GMT 2022","Fri Apr 08 00:43:14 GMT 2022","0","Contract: TimelockController","methods","simple > schedule","","","prevent non-proposer from commiting",""
"passed","Fri Apr 08 00:46:23 GMT 2022","Fri Apr 08 00:46:27 GMT 2022","3275","Contract: ERC1155PresetMinterPauser","Contract interface","ERC1155 > setApprovalForAll(address,bool)","","","has to be implemented",""
"passed","Fri Apr 08 00:50:41 GMT 2022","Fri Apr 08 00:50:48 GMT 2022","7636","Contract: ERC1155","like an ERC1155","safeBatchTransferFrom > to a receiver contract that reverts only on single transfers","","","calls onERC1155BatchReceived",""
"passed","Fri Apr 08 00:48:50 GMT 2022","Fri Apr 08 00:48:53 GMT 2022","3357","Contract: ERC20Pausable","pausable token","mint","","","allows to mint when paused and then unpaused",""
"skipped","Fri Apr 08 00:43:14 GMT 2022","Fri Apr 08 00:43:14 GMT 2022","0","Contract: TimelockController","methods","batch > schedule","","","proposer can schedule",""
"passed","Fri Apr 08 01:07:18 GMT 2022","Fri Apr 08 01:07:19 GMT 2022","1293","Contract: ERC721Enumerable","Contract interface","ERC721Enumerable > tokenByIndex(uint256)","","","has to be implemented",""
"passed","Fri Apr 08 00:54:26 GMT 2022","Fri Apr 08 00:54:29 GMT 2022","2342","Contract: Math","ceilDiv","","","","correctly computes max uint256 divided by 1",""
"passed","Fri Apr 08 00:46:58 GMT 2022","Fri Apr 08 00:47:02 GMT 2022","4344","Contract: ERC1155PresetMinterPauser","minting","","","","deployer can mint tokens",""
"passed","Fri Apr 08 00:50:00 GMT 2022","Fri Apr 08 00:50:05 GMT 2022","4984","Contract: ERC1155","like an ERC1155","safeBatchTransferFrom > when sending to a valid receiver > with data","","","emits a TransferBatch log",""
"passed","Fri Apr 08 00:47:20 GMT 2022","Fri Apr 08 00:47:22 GMT 2022","2491","Contract: ERC1155PresetMinterPauser","pausing","","","","cannot mint while paused",""
"passed","Fri Apr 08 00:47:41 GMT 2022","Fri Apr 08 00:47:48 GMT 2022","7334","Contract: ERC1155","like an ERC1155","safeTransferFrom > when sending to a valid receiver > with data","","","debits transferred balance from sender",""
"passed","Fri Apr 08 00:50:36 GMT 2022","Fri Apr 08 00:50:38 GMT 2022","1386","Contract: ERC721","Contract interface","ERC721 > safeTransferFrom(address,address,uint256)","","","has to be implemented",""
"passed","Fri Apr 08 00:49:03 GMT 2022","Fri Apr 08 00:49:08 GMT 2022","5254","Contract: ERC1155","like an ERC1155","safeBatchTransferFrom > when called by an operator on behalf of the multiTokenHolder > when operator is approved by multiTokenHolder","","","credits transferred balances to receiver",""
"passed","Fri Apr 08 00:54:47 GMT 2022","Fri Apr 08 00:54:48 GMT 2022","1249","Contract: ERC165Checker","account address does not support ERC165","","","","does not support mock interface via supportsInterface",""
"passed","Fri Apr 08 00:54:20 GMT 2022","Fri Apr 08 00:54:21 GMT 2022","1297","Contract: SafeCast","toUint8","","","","reverts when downcasting 2^8 + 1 (257)",""
"passed","Fri Apr 08 00:54:23 GMT 2022","Fri Apr 08 00:54:29 GMT 2022","6104","Contract: ERC721","with minted tokens","transfers > via transferFrom > when the sender is not authorized for the token id","","","reverts",""
"passed","Fri Apr 08 00:46:37 GMT 2022","Fri Apr 08 00:46:49 GMT 2022","11871","Contract: GovernorTimelockControl","Contract interface","Governor > execute(address[],uint256[],bytes[],bytes32)","","","has to be implemented",""
"passed","Fri Apr 08 00:48:21 GMT 2022","Fri Apr 08 00:48:24 GMT 2022","3316","Contract: ERC1155","like an ERC1155","safeTransferFrom > to a contract that does not implement the required function","","","reverts",""
"passed","Fri Apr 08 00:53:40 GMT 2022","Fri Apr 08 00:53:48 GMT 2022","8099","Contract: ERC721","with minted tokens","transfers > via transferFrom > when called by the owner without an approved user","","","adjusts owners tokens by index",""
"passed","Fri Apr 08 00:53:58 GMT 2022","Fri Apr 08 00:54:12 GMT 2022","14630","Contract: ERC721Enumerable","with minted tokens","transfers > via transferFrom > when sent to the owner","","","emits only a transfer event",""
"passed","Fri Apr 08 00:48:56 GMT 2022","Fri Apr 08 00:49:00 GMT 2022","3772","Contract: ERC20","deposit","","","","missing balance",""
"passed","Fri Apr 08 00:56:01 GMT 2022","Fri Apr 08 00:56:15 GMT 2022","14075","Contract: EnumerableSet","EnumerableBytes32Set","remove","","","adds and removes multiple values",""
"passed","Fri Apr 08 00:44:01 GMT 2022","Fri Apr 08 00:44:09 GMT 2022","7787","Contract: GovernorTimelockCompound","Contract interface","Governor > state(uint256)","","","has to be implemented",""
"passed","Fri Apr 08 00:54:58 GMT 2022","Fri Apr 08 00:55:02 GMT 2022","3841","Contract: SignedSafeMath","div","","","","reverts on overflow, negative second",""
"passed","Fri Apr 08 00:52:13 GMT 2022","Fri Apr 08 00:52:18 GMT 2022","5548","Contract: ERC721URIStorage","token URI","","","","tokenId is appended to base URI for tokens with no URI",""
"passed","Fri Apr 08 00:44:37 GMT 2022","Fri Apr 08 00:44:39 GMT 2022","2067","Contract: ERC1967Proxy","initialization with parameters","payable > when sending some balance","","","has expected balance",""
"passed","Fri Apr 08 00:53:03 GMT 2022","Fri Apr 08 00:53:05 GMT 2022","1898","Contract: Counters","reset","null counter","","","does not throw",""
"skipped","Fri Apr 08 00:54:50 GMT 2022","Fri Apr 08 00:54:50 GMT 2022","0","Contract: Governor","Proposal length","","","","missmatch #3",""
"passed","Fri Apr 08 00:56:29 GMT 2022","Fri Apr 08 00:56:30 GMT 2022","1309","Contract: SafeCast","toInt128","","","","reverts when downcasting -2^127 - 1 (-170141183460469231731687303715884105729)",""
"passed","Fri Apr 08 00:53:59 GMT 2022","Fri Apr 08 00:54:03 GMT 2022","3774","Contract: ERC165Storage","Contract interface","ERC165 > supportsInterface(bytes4)","","","has to be implemented",""
"passed","Fri Apr 08 00:55:29 GMT 2022","Fri Apr 08 00:55:34 GMT 2022","4723","Contract: BitMap","setTo","","","","set a key to true",""
"passed","Fri Apr 08 00:48:23 GMT 2022","Fri Apr 08 00:48:25 GMT 2022","2075","Contract: ERC20","decrease allowance","when the spender is not the zero address > when the sender has enough balance > when the spender had an approved amount","","","reverts when more than the full allowance is removed",""
"passed","Fri Apr 08 00:53:09 GMT 2022","Fri Apr 08 00:53:10 GMT 2022","1199","Contract: MerkleProof","verify","","","","returns true for a valid Merkle proof",""
"passed","Fri Apr 08 00:53:22 GMT 2022","Fri Apr 08 00:53:40 GMT 2022","18042","Contract: Governor","Cancel","After proposal","","","run",""
"passed","Fri Apr 08 01:07:15 GMT 2022","Fri Apr 08 01:07:16 GMT 2022","1269","Contract: ERC721Enumerable","Contract interface","ERC721Enumerable > totalSupply()","","","has to be implemented",""
"passed","Fri Apr 08 00:58:32 GMT 2022","Fri Apr 08 00:58:37 GMT 2022","5005","Contract: ERC721","with minted tokens","transfers > via safeTransferFrom > with data > to a valid receiver contract > when called by the operator","","","transfers the ownership of the given token ID to the given address",""
"passed","Fri Apr 08 00:53:28 GMT 2022","Fri Apr 08 00:53:34 GMT 2022","6220","Contract: RefundEscrow","once deployed","active state","","","does not allow beneficiary withdrawal",""
"passed","Fri Apr 08 00:56:43 GMT 2022","Fri Apr 08 00:56:48 GMT 2022","4381","Contract: ERC721Enumerable","with minted tokens","transfers > via safeTransferFrom > with data > to a user account > when called by the owner without an approved user","","","emits an Approval event",""
"passed","Fri Apr 08 00:53:09 GMT 2022","Fri Apr 08 00:53:11 GMT 2022","2427","Contract: ERC721PresetMinterPauserAutoId","pausing","","","","other accounts cannot unpause",""
"passed","Fri Apr 08 00:46:42 GMT 2022","Fri Apr 08 00:46:44 GMT 2022","2231","Contract: ERC1155PresetMinterPauser","Contract interface","AccessControl > getRoleAdmin(bytes32)","","","has to be implemented",""
"passed","Fri Apr 08 00:42:48 GMT 2022","Fri Apr 08 00:42:50 GMT 2022","1587","Contract: Ownable","renounce ownership","","","","loses owner after renouncement",""
"passed","Fri Apr 08 00:52:20 GMT 2022","Fri Apr 08 00:52:22 GMT 2022","2300","Contract: Address","sendValue","when sender contract has no funds","","","sends 0 wei",""
"passed","Fri Apr 08 00:45:05 GMT 2022","Fri Apr 08 00:45:09 GMT 2022","4392","Contract: Pausable","when unpaused","when paused","","","cannot perform normal process in pause",""
"passed","Fri Apr 08 00:58:29 GMT 2022","Fri Apr 08 00:58:33 GMT 2022","4500","Contract: ERC721Enumerable","with minted tokens","transfers > via safeTransferFrom > with data > to a valid receiver contract > when called by the operator","","","transfers the ownership of the given token ID to the given address",""
"passed","Fri Apr 08 00:47:25 GMT 2022","Fri Apr 08 00:47:27 GMT 2022","1962","Contract: ERC20Permit","permit","","","","rejects expired permit",""
"passed","Fri Apr 08 00:51:03 GMT 2022","Fri Apr 08 00:51:06 GMT 2022","2889","Contract: ERC721Pausable","when token is paused","","","","reverts when trying to safeTransferFrom",""
"passed","Fri Apr 08 00:58:46 GMT 2022","Fri Apr 08 00:58:51 GMT 2022","5072","Contract: ERC721","with minted tokens","transfers > via safeTransferFrom > with data > to a valid receiver contract > when called by the operator","","","emits an Approval event",""
"passed","Fri Apr 08 01:00:32 GMT 2022","Fri Apr 08 01:00:36 GMT 2022","3438","Contract: ERC721","with minted tokens","transfers > via safeTransferFrom > without data > to a user account > when called by the approved individual","","","transfers the ownership of the given token ID to the given address",""
"passed","Fri Apr 08 01:02:48 GMT 2022","Fri Apr 08 01:02:52 GMT 2022","4617","Contract: ERC721Enumerable","with minted tokens","transfers > via safeTransferFrom > without data > to a valid receiver contract > when called by the approved individual","","","clears the approval for the token ID",""
"passed","Fri Apr 08 00:43:05 GMT 2022","Fri Apr 08 00:43:20 GMT 2022","14927","Contract: Governor","","","","","deployment check",""
"passed","Fri Apr 08 00:43:48 GMT 2022","Fri Apr 08 00:43:50 GMT 2022","2054","Contract: MinimalForwarder","with message","verify > invalid signature","","","tampered to",""
"passed","Fri Apr 08 00:46:38 GMT 2022","Fri Apr 08 00:46:40 GMT 2022","1910","Contract: ERC1155PresetMinterPauser","Contract interface","AccessControl > ERC165's supportsInterface(bytes4)","","","claims support [skip-on-coverage]",""
"passed","Fri Apr 08 00:43:20 GMT 2022","Fri Apr 08 00:43:29 GMT 2022","9807","Contract: Governor","Contract interface","ERC165 > ERC165's supportsInterface(bytes4)","","","uses less than 30k gas [skip-on-coverage]",""
"passed","Fri Apr 08 00:52:55 GMT 2022","Fri Apr 08 00:52:59 GMT 2022","4452","Contract: ERC721PresetMinterPauserAutoId","minting","","","","other accounts cannot mint tokens",""
"passed","Fri Apr 08 01:07:13 GMT 2022","Fri Apr 08 01:07:14 GMT 2022","1307","Contract: ERC721Enumerable","Contract interface","ERC721Enumerable > ERC165's supportsInterface(bytes4)","","","uses less than 30k gas [skip-on-coverage]",""
"passed","Fri Apr 08 00:51:38 GMT 2022","Fri Apr 08 00:51:40 GMT 2022","2170","Contract: ERC1155","internal functions","_mintBatch > with minted batch of tokens","","","credits the minted batch of tokens",""
"passed","Fri Apr 08 00:44:55 GMT 2022","Fri Apr 08 00:45:04 GMT 2022","8607","Contract: GovernorTimelockCompound","Contract interface","Governor > getVotes(address,uint256)","","","has to be implemented",""
"passed","Fri Apr 08 00:46:59 GMT 2022","Fri Apr 08 00:47:13 GMT 2022","14360","Contract: ERC1155","like an ERC1155","safeTransferFrom > when called by an operator on behalf of the multiTokenHolder > when operator is approved by multiTokenHolder","","","preserves operator's balances not involved in the transfer",""
"passed","Fri Apr 08 00:50:33 GMT 2022","Fri Apr 08 00:50:37 GMT 2022","3990","Contract: ERC721Burnable","like a burnable ERC721","burn > when successful","","","burns the given token ID and adjusts the balance of the owner",""
"skipped","Fri Apr 08 00:44:26 GMT 2022","Fri Apr 08 00:44:26 GMT 2022","0","Contract: ERC1967Proxy","initialization with parameters","non payable > when not sending balance","","","sets the implementation address",""
"passed","Fri Apr 08 00:57:13 GMT 2022","Fri Apr 08 00:57:16 GMT 2022","3202","Contract: ERC721","with minted tokens","transfers > via safeTransferFrom > with data > to a user account > when sent to the owner","","","keeps same tokens by index",""
"passed","Fri Apr 08 00:42:46 GMT 2022","Fri Apr 08 00:42:47 GMT 2022","1107","Contract: AccessControl","Contract interface","AccessControl > hasRole(bytes32,address)","","","has to be implemented",""
"passed","Fri Apr 08 00:57:29 GMT 2022","Fri Apr 08 00:57:34 GMT 2022","4977","Contract: ERC721","with minted tokens","transfers > via safeTransferFrom > with data > to a valid receiver contract","","","calls onERC721Received",""
"passed","Fri Apr 08 00:45:02 GMT 2022","Fri Apr 08 00:45:05 GMT 2022","3258","Contract: Pausable","when unpaused","when paused","","","emits a Paused event",""
"skipped","Fri Apr 08 00:48:27 GMT 2022","Fri Apr 08 00:48:27 GMT 2022","0","Contract: ERC20Votes","getPastTotalSupply","","","","returns the latest block if >= last checkpoint block",""
"broken","Fri Apr 08 00:45:34 GMT 2022","Fri Apr 08 00:45:34 GMT 2022","0","tests.brownie.token.tests","test_approve","","","","test_approval_event_fires",""
"passed","Fri Apr 08 01:01:44 GMT 2022","Fri Apr 08 01:01:48 GMT 2022","3420","Contract: ERC721","with minted tokens","transfers > via safeTransferFrom > without data > to a user account > when sent to the owner","","","emits only a transfer event",""
"passed","Fri Apr 08 00:49:58 GMT 2022","Fri Apr 08 00:50:02 GMT 2022","3008","Contract: TokenTimelock","with token","once deployed","","","cannot be released just before time limit",""
"passed","Fri Apr 08 00:52:50 GMT 2022","Fri Apr 08 00:53:15 GMT 2022","25295","Contract: Governor","state","Executed","","","run",""
"passed","Fri Apr 08 00:54:51 GMT 2022","Fri Apr 08 00:54:52 GMT 2022","1004","Contract: SignedSafeMath","mul","","","","reverts when minimum integer is multiplied by -1",""
"passed","Fri Apr 08 00:54:34 GMT 2022","Fri Apr 08 00:54:38 GMT 2022","3894","Contract: SafeCast","toUint32","","","","downcasts 2^32 - 1 (4294967295)",""
"passed","Fri Apr 08 00:55:47 GMT 2022","Fri Apr 08 00:55:48 GMT 2022","1221","Contract: SafeMath","memory leakage","","","","mod",""
"passed","Fri Apr 08 00:44:11 GMT 2022","Fri Apr 08 00:44:11 GMT 2022","6","Ethers.js","","","","","testContracts",""
"passed","Fri Apr 08 00:48:05 GMT 2022","Fri Apr 08 00:48:08 GMT 2022","2683","Contract: ERC20","approve","when the spender is the zero address","","","reverts",""
"passed","Fri Apr 08 00:51:06 GMT 2022","Fri Apr 08 00:51:09 GMT 2022","2466","Contract: ERC721Pausable","when token is paused","","","","reverts when trying to safeTransferFrom with data",""
"passed","Fri Apr 08 00:53:16 GMT 2022","Fri Apr 08 00:53:21 GMT 2022","4294","Contract: ERC721","with minted tokens","transfers > via transferFrom > when called by the owner without an approved user","","","clears the approval for the token ID",""
"passed","Fri Apr 08 01:07:10 GMT 2022","Fri Apr 08 01:07:13 GMT 2022","2420","Contract: ERC721Enumerable","metadata","token URI > base URI","","","token URI can be changed by changing the base URI",""
"passed","Fri Apr 08 01:07:16 GMT 2022","Fri Apr 08 01:07:18 GMT 2022","1181","Contract: ERC721Enumerable","Contract interface","ERC721Enumerable > tokenOfOwnerByIndex(address,uint256)","","","has to be implemented",""
"passed","Fri Apr 08 00:54:22 GMT 2022","Fri Apr 08 00:54:24 GMT 2022","1350","Contract: Math","ceilDiv","","","","does not round up on exact division",""
"passed","Fri Apr 08 00:50:17 GMT 2022","Fri Apr 08 00:50:18 GMT 2022","1518","Contract: ERC721Enumerable","Contract interface","ERC165 > supportsInterface(bytes4)","","","has to be implemented",""
"passed","Fri Apr 08 00:53:15 GMT 2022","Fri Apr 08 00:53:25 GMT 2022","9575","Contract: ConditionalEscrow","when withdrawal is allowed","as an escrow > deposits","","","can accept a single deposit",""
"passed","Fri Apr 08 00:58:11 GMT 2022","Fri Apr 08 00:58:15 GMT 2022","4706","Contract: ERC721Enumerable","with minted tokens","transfers > via safeTransferFrom > with data > to a valid receiver contract > when called by the approved individual","","","clears the approval for the token ID",""
"passed","Fri Apr 08 00:53:12 GMT 2022","Fri Apr 08 00:53:14 GMT 2022","1422","Contract: ECDSA","recover with valid signature","with v1 signature","","","works with 28 as version value",""
"passed","Fri Apr 08 00:49:34 GMT 2022","Fri Apr 08 00:49:45 GMT 2022","11050","Contract: Governor","scenario","duplicate pending proposal","","","run",""
"passed","Fri Apr 08 00:50:30 GMT 2022","Fri Apr 08 00:50:31 GMT 2022","1414","Contract: ERC721","Contract interface","ERC721 > getApproved(uint256)","","","has to be implemented",""
"passed","Fri Apr 08 00:51:51 GMT 2022","Fri Apr 08 00:51:58 GMT 2022","6788","Contract: ERC20","erc20 behaviour","approve > when the spender is not the zero address > when the sender has enough balance > when there was no approved amount before","","","approves the requested amount",""
"passed","Fri Apr 08 00:50:57 GMT 2022","Fri Apr 08 00:51:03 GMT 2022","6394","Contract: ERC721Pausable","when token is paused","","","","reverts when trying to transferFrom",""
"passed","Fri Apr 08 00:51:42 GMT 2022","Fri Apr 08 00:51:43 GMT 2022","1405","Contract: ERC1155","internal functions","_burn","","","reverts when burning a non-existent token id",""
"passed","Fri Apr 08 00:45:45 GMT 2022","Fri Apr 08 00:45:50 GMT 2022","4931","Contract: ERC1155","like an ERC1155","setApprovalForAll","","","sets approval status which can be queried via isApprovedForAll",""
"skipped","Fri Apr 08 00:44:45 GMT 2022","Fri Apr 08 00:44:45 GMT 2022","0","Contract: TransparentUpgradeableProxy","initialization without parameters","non payable > when not sending balance","","","sets the implementation address",""
"passed","Fri Apr 08 00:45:53 GMT 2022","Fri Apr 08 00:45:59 GMT 2022","5332","Contract: ERC1155","like an ERC1155","setApprovalForAll","","","can unset approval for an operator",""
"passed","Fri Apr 08 00:54:46 GMT 2022","Fri Apr 08 00:54:47 GMT 2022","1127","Contract: SignedSafeMath","sub","","","","reverts on negative subtraction overflow",""
"passed","Fri Apr 08 00:54:45 GMT 2022","Fri Apr 08 00:54:46 GMT 2022","1289","Contract: SafeMath","with flag","div","","","returns complete number result on non-even division",""
"passed","Fri Apr 08 01:06:36 GMT 2022","Fri Apr 08 01:06:38 GMT 2022","2908","Contract: ERC721","with minted tokens","getApproved > when token has been minted  > when account has been approved","","","returns approved account",""
"passed","Fri Apr 08 00:51:09 GMT 2022","Fri Apr 08 00:51:14 GMT 2022","5147","Contract: ERC20","erc20 behaviour","transfer from > when the token owner is not the zero address > when the recipient is not the zero address > when the spender has enough approved balance > when the token owner does not have enough balance","","","reverts",""
"broken","Fri Apr 08 00:47:09 GMT 2022","Fri Apr 08 00:47:09 GMT 2022","1","Contract: GovernorTimelockCompound","nominal","","","","""after each"" hook for ""run""",""
"passed","Fri Apr 08 00:43:31 GMT 2022","Fri Apr 08 00:43:34 GMT 2022","2628","Contract: AccessControl","setting role admin","","","","a role's admin role can be changed",""
"passed","Fri Apr 08 00:44:45 GMT 2022","Fri Apr 08 00:44:49 GMT 2022","4345","Contract: Initializable","complex testing with inheritance","","","","initializes gramps",""
"passed","Fri Apr 08 00:53:53 GMT 2022","Fri Apr 08 00:53:56 GMT 2022","2974","Contract: RefundEscrow","once deployed","closed state","","","prevents re-entering the closed state",""
"passed","Fri Apr 08 00:53:31 GMT 2022","Fri Apr 08 00:53:38 GMT 2022","6096","Contract: Address","functionCallWithValue","with non-zero value","","","reverts when calling non-payable functions",""
"broken","Fri Apr 08 00:45:33 GMT 2022","Fri Apr 08 00:45:33 GMT 2022","0","tests.brownie.token.tests","test_approve","","","","test_initial_approval_is_zero[1]",""
"passed","Fri Apr 08 00:56:40 GMT 2022","Fri Apr 08 00:56:44 GMT 2022","3816","Contract: ERC721","with minted tokens","transfers > via safeTransferFrom > with data > to a user account > when called by the owner without an approved user","","","clears the approval for the token ID",""
"passed","Fri Apr 08 00:56:21 GMT 2022","Fri Apr 08 00:56:25 GMT 2022","4521","Contract: EnumerableMap","read","tryGet","","","existing value",""
"broken","Fri Apr 08 00:45:33 GMT 2022","Fri Apr 08 00:45:33 GMT 2022","0","tests.brownie.token.tests","test_approve","","","","test_initial_approval_is_zero[4]",""
"failed","Fri Apr 08 00:42:51 GMT 2022","Fri Apr 08 00:42:55 GMT 2022","3217","Contract: VestingWallet","vesting schedule","Eth vesting","","","execute vesting schedule",""
"passed","Fri Apr 08 01:05:08 GMT 2022","Fri Apr 08 01:05:11 GMT 2022","3312","Contract: ERC721","with minted tokens","safe mint > via safeMint","","","calls onERC721Received — without data",""
"passed","Fri Apr 08 00:47:15 GMT 2022","Fri Apr 08 00:47:17 GMT 2022","1758","Contract: TransparentUpgradeableProxy","changeAdmin","when the new proposed admin is not the zero address > when the sender is the admin","","","emits an event",""
"passed","Fri Apr 08 00:54:53 GMT 2022","Fri Apr 08 00:54:55 GMT 2022","1359","Contract: SafeMath","with default revert message","add","","","adds correctly",""
"passed","Fri Apr 08 01:05:34 GMT 2022","Fri Apr 08 01:05:37 GMT 2022","2512","Contract: ERC721Enumerable","with minted tokens","approve > when approving a non-zero address > when there was no prior approval","","","sets the approval for the target address",""
"passed","Fri Apr 08 00:47:53 GMT 2022","Fri Apr 08 00:47:57 GMT 2022","3618","Contract: ERC20","approve","when the spender is not the zero address > when the sender has enough balance > when the spender had an approved amount","","","approves the requested amount and replaces the previous one",""
"skipped","Fri Apr 08 00:48:27 GMT 2022","Fri Apr 08 00:48:27 GMT 2022","0","Contract: ERC20Votes","Compound test suite","balanceOf","","","grants to initial account",""
"passed","Fri Apr 08 01:03:52 GMT 2022","Fri Apr 08 01:03:56 GMT 2022","4567","Contract: ERC721","with minted tokens","transfers > via safeTransferFrom > without data > to a valid receiver contract > when called by the owner without an approved user","","","emits an Approval event",""
"passed","Fri Apr 08 01:00:15 GMT 2022","Fri Apr 08 01:00:18 GMT 2022","3286","Contract: ERC721","with minted tokens","transfers > via safeTransferFrom > without data > to a user account > when called by the owner","","","emits a Transfer event",""
"passed","Fri Apr 08 00:51:06 GMT 2022","Fri Apr 08 00:51:07 GMT 2022","1220","Contract: ERC1155","like an ERC1155","Contract interface > ERC1155 > balanceOf(address,uint256)","","","has to be implemented",""
"passed","Fri Apr 08 00:52:27 GMT 2022","Fri Apr 08 00:52:30 GMT 2022","2660","Contract: Address","sendValue","when sender contract has funds","","","sends non-zero amounts",""
"passed","Fri Apr 08 00:45:23 GMT 2022","Fri Apr 08 00:45:26 GMT 2022","2873","Contract: TransparentUpgradeableProxy","initialization with parameters","payable > when sending some balance","","","initializes the proxy",""
"passed","Fri Apr 08 00:44:19 GMT 2022","Fri Apr 08 00:44:20 GMT 2022","1430","Contract: ERC1967Proxy","initialization without parameters","non payable > when not sending balance","","","has expected balance",""
"passed","Fri Apr 08 01:07:06 GMT 2022","Fri Apr 08 01:07:08 GMT 2022","1721","Contract: ERC721","metadata","token URI","","","reverts when queried for non existent token id",""
"passed","Fri Apr 08 00:55:47 GMT 2022","Fri Apr 08 00:55:48 GMT 2022","1058","Contract: SafeCast","toInt16","","","","reverts when downcasting 2^15 (32768)",""
"passed","Fri Apr 08 00:52:11 GMT 2022","Fri Apr 08 00:52:13 GMT 2022","1544","Contract: ERC721PresetMinterPauserAutoId","Contract interface","ERC721 > getApproved(uint256)","","","has to be implemented",""
"passed","Fri Apr 08 00:50:18 GMT 2022","Fri Apr 08 00:50:20 GMT 2022","2379","Contract: ERC721Enumerable","Contract interface","ERC721 > ERC165's supportsInterface(bytes4)","","","uses less than 30k gas [skip-on-coverage]",""
"passed","Fri Apr 08 00:49:01 GMT 2022","Fri Apr 08 00:49:03 GMT 2022","2076","Contract: ERC20Snapshot","balanceOfAt","with initial snapshot > with no balance changes after the snapshot","","","returns the current balance for all accounts",""
"passed","Fri Apr 08 00:51:09 GMT 2022","Fri Apr 08 00:51:14 GMT 2022","5436","Contract: ERC721","with minted tokens","transfers > via transferFrom > when called by the owner","","","emits a Transfer event",""
"passed","Fri Apr 08 00:51:04 GMT 2022","Fri Apr 08 00:51:08 GMT 2022","3579","Contract: SafeERC20","with token that returns no boolean values","approvals > with zero allowance","","","doesn't revert when approving a zero allowance",""
"passed","Fri Apr 08 00:54:45 GMT 2022","Fri Apr 08 00:54:49 GMT 2022","4092","Contract: ERC721Enumerable","with minted tokens","transfers > via safeTransferFrom > with data > to a user account > when called by the owner","","","transfers the ownership of the given token ID to the given address",""
"passed","Fri Apr 08 01:01:29 GMT 2022","Fri Apr 08 01:01:33 GMT 2022","4145","Contract: ERC721","with minted tokens","transfers > via safeTransferFrom > without data > to a user account > when called by the owner without an approved user","","","adjusts owners balances",""
"passed","Fri Apr 08 00:52:34 GMT 2022","Fri Apr 08 00:52:38 GMT 2022","3773","Contract: Context","msgData","","","","returns the transaction data when called from an EOA",""
"passed","Fri Apr 08 00:47:17 GMT 2022","Fri Apr 08 00:47:19 GMT 2022","1482","Contract: ERC20Permit","","","","","domain separator",""
"passed","Fri Apr 08 00:50:56 GMT 2022","Fri Apr 08 00:51:00 GMT 2022","3840","Contract: ERC1155","like an ERC1155","Contract interface > ERC165 > ERC165's supportsInterface(bytes4)","","","claims support [skip-on-coverage]",""
"passed","Fri Apr 08 00:53:12 GMT 2022","Fri Apr 08 00:53:12 GMT 2022","101","Contract: SignatureChecker (ERC1271)","EOA account","","","","with invalid signer",""
"passed","Fri Apr 08 00:51:14 GMT 2022","Fri Apr 08 00:51:24 GMT 2022","10210","Contract: ERC721","with minted tokens","transfers > via transferFrom > when called by the owner","","","clears the approval for the token ID",""
"passed","Fri Apr 08 00:50:08 GMT 2022","Fri Apr 08 00:50:10 GMT 2022","1848","Contract: ERC20","_approve","when the owner is the zero address","","","reverts",""
"passed","Fri Apr 08 00:57:19 GMT 2022","Fri Apr 08 00:57:22 GMT 2022","2934","Contract: ERC721Enumerable","with minted tokens","transfers > via safeTransferFrom > with data > to a user account > when the given token ID does not exist","","","reverts",""
"passed","Fri Apr 08 01:02:52 GMT 2022","Fri Apr 08 01:02:56 GMT 2022","4045","Contract: ERC721Enumerable","with minted tokens","transfers > via safeTransferFrom > without data > to a valid receiver contract > when called by the approved individual","","","emits an Approval event",""
"passed","Fri Apr 08 00:44:07 GMT 2022","Fri Apr 08 00:44:10 GMT 2022","3419","Contract: AccessControl","enumerating","","","","role bearers can be enumerated",""
"passed","Fri Apr 08 00:55:03 GMT 2022","Fri Apr 08 00:55:07 GMT 2022","3874","Contract: ERC721","with minted tokens","transfers > via safeTransferFrom > with data > to a user account > when called by the owner","","","emits an Approval event",""
"passed","Fri Apr 08 01:03:15 GMT 2022","Fri Apr 08 01:03:20 GMT 2022","4237","Contract: ERC721","with minted tokens","transfers > via safeTransferFrom > without data > to a valid receiver contract > when called by the operator","","","emits a Transfer event",""
"passed","Fri Apr 08 00:49:08 GMT 2022","Fri Apr 08 00:49:14 GMT 2022","5987","Contract: ERC20Snapshot","balanceOfAt","with initial snapshot > with balance changes after the snapshot > with a second snapshot after supply changes","","","snapshots return the balances before and after the changes",""
"passed","Fri Apr 08 00:46:12 GMT 2022","Fri Apr 08 00:46:14 GMT 2022","1658","Contract: ERC1155PresetMinterPauser","","","","","minter and pauser role admin is the default admin",""
"passed","Fri Apr 08 00:49:09 GMT 2022","Fri Apr 08 00:49:09 GMT 2022","58","Contract: ERC20PresetFixedSupply","","","","","deployer has the balance equal to initial supply",""
"passed","Fri Apr 08 00:46:44 GMT 2022","Fri Apr 08 00:46:46 GMT 2022","1748","Contract: ERC1155PresetMinterPauser","Contract interface","AccessControl > grantRole(bytes32,address)","","","has to be implemented",""
"passed","Fri Apr 08 00:49:03 GMT 2022","Fri Apr 08 00:49:08 GMT 2022","5659","Contract: ERC20Snapshot","balanceOfAt","with initial snapshot > with balance changes after the snapshot","","","returns the balances before the changes",""
"passed","Fri Apr 08 00:55:06 GMT 2022","Fri Apr 08 00:55:08 GMT 2022","1535","Contract: SafeMath","with default revert message","div","","","divides correctly",""
"skipped","Fri Apr 08 00:48:27 GMT 2022","Fri Apr 08 00:48:27 GMT 2022","0","Contract: ERC20Votes","Compound test suite","getPastVotes","","","reverts if block number >= current block",""
"passed","Fri Apr 08 00:55:04 GMT 2022","Fri Apr 08 00:55:05 GMT 2022","1087","Contract: SafeMath","with default revert message","mul","","","multiplies by zero correctly",""
"failed","Fri Apr 08 00:47:54 GMT 2022","Fri Apr 08 00:48:14 GMT 2022","20354","Contract: GovernorTimelockCompound","to late","","","","run",""
"passed","Fri Apr 08 00:55:55 GMT 2022","Fri Apr 08 00:56:09 GMT 2022","13870","Contract: ERC721","with minted tokens","transfers > via safeTransferFrom > with data > to a user account > when called by the operator","","","transfers the ownership of the given token ID to the given address",""
"passed","Fri Apr 08 00:44:26 GMT 2022","Fri Apr 08 00:44:28 GMT 2022","2057","Contract: Clones","clone","initialization with parameters > non payable > when not sending balance","","","has expected balance",""
"passed","Fri Apr 08 00:51:58 GMT 2022","Fri Apr 08 00:52:10 GMT 2022","11349","Contract: ERC20","erc20 behaviour","approve > when the spender is not the zero address > when the sender has enough balance > when the spender had an approved amount","","","approves the requested amount and replaces the previous one",""
"passed","Fri Apr 08 00:53:21 GMT 2022","Fri Apr 08 00:53:27 GMT 2022","6043","Contract: ERC721","with minted tokens","transfers > via transferFrom > when called by the owner without an approved user","","","emits an Approval event",""
"passed","Fri Apr 08 00:43:43 GMT 2022","Fri Apr 08 00:43:54 GMT 2022","10898","Contract: Governor","Contract interface","ERC165 > supportsInterface(bytes4)","","","has to be implemented",""
"passed","Fri Apr 08 00:44:45 GMT 2022","Fri Apr 08 00:44:50 GMT 2022","4624","Contract: TransparentUpgradeableProxy","initialization without parameters","non payable > when not sending balance","","","initializes the proxy",""
"passed","Fri Apr 08 00:52:24 GMT 2022","Fri Apr 08 00:52:27 GMT 2022","3521","Contract: Address","sendValue","when sender contract has funds","","","sends 0 wei",""
"passed","Fri Apr 08 00:54:05 GMT 2022","Fri Apr 08 00:54:08 GMT 2022","2183","Contract: ERC165","Contract interface","ERC165 > ERC165's supportsInterface(bytes4)","","","uses less than 30k gas [skip-on-coverage]",""
"passed","Fri Apr 08 00:54:27 GMT 2022","Fri Apr 08 00:54:29 GMT 2022","2488","Contract: SafeCast","toUint16","","","","reverts when downcasting 2^16 + 1 (65537)",""
"passed","Fri Apr 08 01:04:42 GMT 2022","Fri Apr 08 01:04:46 GMT 2022","3755","Contract: ERC721","with minted tokens","transfers > via safeTransferFrom > without data > to a valid receiver contract > with an invalid token id","","","reverts",""
"passed","Fri Apr 08 00:43:03 GMT 2022","Fri Apr 08 00:43:07 GMT 2022","4313","Contract: PaymentSplitter","once deployed","release > Ether","","","reverts if non-payee want to claim",""
"passed","Fri Apr 08 00:49:14 GMT 2022","Fri Apr 08 00:49:15 GMT 2022","1699","Contract: ERC20","_burn","","","","rejects a null account",""
"passed","Fri Apr 08 00:59:18 GMT 2022","Fri Apr 08 00:59:22 GMT 2022","4596","Contract: ERC721Enumerable","with minted tokens","transfers > via safeTransferFrom > with data > to a valid receiver contract > when called by the owner without an approved user","","","adjusts owners balances",""
"broken","Fri Apr 08 00:44:14 GMT 2022","Fri Apr 08 00:44:14 GMT 2022","7","ethjs","","","","","test01",""
"passed","Fri Apr 08 00:55:28 GMT 2022","Fri Apr 08 00:55:30 GMT 2022","2423","Contract: SafeCast","toInt8","","","","reverts when downcasting -2^7 - 1 (-129)",""
"passed","Fri Apr 08 00:47:13 GMT 2022","Fri Apr 08 00:47:19 GMT 2022","6050","Contract: ERC1155","like an ERC1155","safeTransferFrom > when sending to a valid receiver > without data","","","debits transferred balance from sender",""
"broken","Fri Apr 08 00:45:34 GMT 2022","Fri Apr 08 00:45:34 GMT 2022","0","tests.brownie.token.tests","test_approve","","","","test_returns_true",""
"passed","Fri Apr 08 00:55:15 GMT 2022","Fri Apr 08 00:55:26 GMT 2022","10857","Contract: ConditionalEscrow","when withdrawal is allowed","as an escrow > withdrawals","","","emits a withdrawn event",""
"passed","Fri Apr 08 00:49:00 GMT 2022","Fri Apr 08 00:49:06 GMT 2022","5800","Contract: ERC20","deposit","","","","to other account",""
"passed","Fri Apr 08 00:44:33 GMT 2022","Fri Apr 08 00:44:37 GMT 2022","3536","Contract: ERC1967Proxy","initialization with parameters","payable > when sending some balance","","","initializes the proxy",""
"passed","Fri Apr 08 00:47:36 GMT 2022","Fri Apr 08 00:47:43 GMT 2022","6570","Contract: ERC20","transfer from","when the token owner is not the zero address > when the recipient is not the zero address > when the spender does not have enough approved balance > when the token owner has enough balance","","","reverts",""
"passed","Fri Apr 08 00:55:24 GMT 2022","Fri Apr 08 00:55:25 GMT 2022","1166","Contract: SafeMath","with custom revert message","div","","","divides correctly",""
"passed","Fri Apr 08 00:50:22 GMT 2022","Fri Apr 08 00:50:24 GMT 2022","1944","Contract: ERC721Enumerable","Contract interface","ERC721 > balanceOf(address)","","","has to be implemented",""
"passed","Fri Apr 08 01:06:10 GMT 2022","Fri Apr 08 01:06:14 GMT 2022","3402","Contract: ERC721Enumerable","with minted tokens","setApprovalForAll > when the operator willing to approve is not the owner > when the operator was set as not approved","","","approves the operator",""
"passed","Fri Apr 08 00:48:59 GMT 2022","Fri Apr 08 00:49:01 GMT 2022","1733","Contract: ERC20Snapshot","balanceOfAt","","","","reverts with a not-yet-created snapshot id",""
"passed","Fri Apr 08 00:53:02 GMT 2022","Fri Apr 08 00:53:03 GMT 2022","1037","Contract: ECDSA","recover with valid signature","using web3.eth.sign","","","returns signer address with correct signature for arbitrary length message",""
"passed","Fri Apr 08 00:55:08 GMT 2022","Fri Apr 08 00:55:10 GMT 2022","2608","Contract: SafeMath","with default revert message","div","","","divides zero correctly",""
"passed","Fri Apr 08 00:48:27 GMT 2022","Fri Apr 08 00:48:30 GMT 2022","2281","Contract: ERC1155","like an ERC1155","safeBatchTransferFrom","","","reverts when ids array length doesn't match amounts array length",""
"passed","Fri Apr 08 01:07:46 GMT 2022","Fri Apr 08 01:07:47 GMT 2022","1619","Contract: ERC721Enumerable","_mint(address, uint256)","with minted token","","","adjusts owner tokens by index",""
"passed","Fri Apr 08 00:52:03 GMT 2022","Fri Apr 08 00:52:09 GMT 2022","6261","Contract: ERC1155","internal functions","_burnBatch > with minted-then-burnt tokens","","","accounts for both minting and burning",""
"passed","Fri Apr 08 00:48:04 GMT 2022","Fri Apr 08 00:48:09 GMT 2022","5005","Contract: ERC20FlashMint","flashLoan","","","","missing approval",""
"passed","Fri Apr 08 00:45:18 GMT 2022","Fri Apr 08 00:45:19 GMT 2022","1246","Contract: ReentrancyGuard","","","","","does not allow indirect local recursion",""
"passed","Fri Apr 08 00:50:20 GMT 2022","Fri Apr 08 00:50:28 GMT 2022","8080","Contract: ERC1155","like an ERC1155","safeBatchTransferFrom > to a receiver contract that reverts only on single transfers","","","debits transferred balances from sender",""
"passed","Fri Apr 08 00:55:37 GMT 2022","Fri Apr 08 00:55:39 GMT 2022","1627","Contract: SafeCast","toInt16","","","","downcasts 0",""
"passed","Fri Apr 08 00:42:56 GMT 2022","Fri Apr 08 00:43:09 GMT 2022","12652","Contract: GovernorTimelockControl","Contract interface","ERC165 > ERC165's supportsInterface(bytes4)","","","claims support [skip-on-coverage]",""
"passed","Fri Apr 08 01:02:01 GMT 2022","Fri Apr 08 01:02:04 GMT 2022","3006","Contract: ERC721Enumerable","with minted tokens","transfers > via safeTransferFrom > without data > to a user account > when the address to transfer the token to is the zero address","","","reverts",""
"passed","Fri Apr 08 00:43:44 GMT 2022","Fri Apr 08 00:43:48 GMT 2022","3817","Contract: MinimalForwarder","with message","verify > invalid signature","","","tampered from",""
"passed","Fri Apr 08 00:50:18 GMT 2022","Fri Apr 08 00:50:25 GMT 2022","7672","Contract: ERC20","erc20 behaviour","transfer > when the recipient is not the zero address > when the sender transfers zero tokens","","","transfers the requested amount",""
"skipped","Fri Apr 08 00:45:01 GMT 2022","Fri Apr 08 00:45:01 GMT 2022","0","Contract: TransparentUpgradeableProxy","initialization without parameters","payable > when sending some balance","","","sets the implementation address",""
"passed","Fri Apr 08 00:43:29 GMT 2022","Fri Apr 08 00:43:43 GMT 2022","13665","Contract: Governor","Contract interface","ERC165 > ERC165's supportsInterface(bytes4)","","","claims support [skip-on-coverage]",""
"passed","Fri Apr 08 00:44:38 GMT 2022","Fri Apr 08 00:44:41 GMT 2022","3106","Contract: Clones","clone","initialization with parameters > payable > when sending some balance","","","initializes the proxy",""
"passed","Fri Apr 08 00:55:15 GMT 2022","Fri Apr 08 00:55:21 GMT 2022","6319","Contract: ERC721Enumerable","with minted tokens","transfers > via safeTransferFrom > with data > to a user account > when called by the owner","","","adjusts owners tokens by index",""
"passed","Fri Apr 08 01:06:46 GMT 2022","Fri Apr 08 01:06:48 GMT 2022","2411","Contract: ERC721","_burn","with minted tokens > with burnt token","","","emits a Transfer event",""
"passed","Fri Apr 08 01:06:53 GMT 2022","Fri Apr 08 01:06:54 GMT 2022","1161","Contract: ERC721Enumerable","Contract interface","ERC721Metadata > ERC165's supportsInterface(bytes4)","","","uses less than 30k gas [skip-on-coverage]",""
"skipped","Fri Apr 08 00:44:33 GMT 2022","Fri Apr 08 00:44:33 GMT 2022","0","Contract: ERC1967Proxy","initialization with parameters","payable > when sending some balance","","","sets the implementation address",""
"passed","Fri Apr 08 00:54:18 GMT 2022","Fri Apr 08 00:54:21 GMT 2022","2794","Contract: ERC165Checker","ERC165 and many interfaces supported","","","","supports ERC165",""
"passed","Fri Apr 08 00:45:30 GMT 2022","Fri Apr 08 00:45:33 GMT 2022","2202","Contract: ERC1155","like an ERC1155","balanceOfBatch > when accounts don't own tokens","","","returns zeros for each account",""
"passed","Fri Apr 08 00:49:32 GMT 2022","Fri Apr 08 00:49:34 GMT 2022","1512","Contract: SafeERC20","with address that has no contract code","","","","reverts on transfer",""
"broken","Fri Apr 08 00:45:32 GMT 2022","Fri Apr 08 00:45:32 GMT 2022","0","tests.brownie.token.tests","test_approve","","","","test_initial_approval_is_zero[0]",""
"passed","Fri Apr 08 00:50:00 GMT 2022","Fri Apr 08 00:50:02 GMT 2022","2188","Contract: ERC20","_approve","when the spender is not the zero address > when the sender does not have enough balance","","","emits an approval event",""
"passed","Fri Apr 08 01:01:35 GMT 2022","Fri Apr 08 01:01:39 GMT 2022","3371","Contract: ERC721Enumerable","with minted tokens","transfers > via safeTransferFrom > without data > to a user account > when sent to the owner","","","keeps ownership of the token",""
"passed","Fri Apr 08 00:44:53 GMT 2022","Fri Apr 08 00:44:55 GMT 2022","2519","Contract: Clones","cloneDeterministic","initialization without parameters > non payable > when not sending balance","","","initializes the proxy",""
"passed","Fri Apr 08 00:51:42 GMT 2022","Fri Apr 08 00:51:46 GMT 2022","3858","Contract: ERC20","erc20 behaviour","transfer from > when the token owner is the zero address","","","reverts",""
"passed","Fri Apr 08 00:58:38 GMT 2022","Fri Apr 08 00:58:43 GMT 2022","5162","Contract: ERC721Enumerable","with minted tokens","transfers > via safeTransferFrom > with data > to a valid receiver contract > when called by the operator","","","clears the approval for the token ID",""
"passed","Fri Apr 08 00:55:42 GMT 2022","Fri Apr 08 00:55:44 GMT 2022","2276","Contract: EnumerableSet","EnumerableBytes32Set","","","","starts empty",""
"passed","Fri Apr 08 01:06:31 GMT 2022","Fri Apr 08 01:06:33 GMT 2022","2127","Contract: ERC721Enumerable","with minted tokens","getApproved > when token has been minted ","","","should return the zero address",""
"passed","Fri Apr 08 00:52:49 GMT 2022","Fri Apr 08 00:53:03 GMT 2022","13765","Contract: Counters","decrement","after incremented to 3","","","can be called multiple times",""
"passed","Fri Apr 08 01:02:56 GMT 2022","Fri Apr 08 01:03:01 GMT 2022","4703","Contract: ERC721Enumerable","with minted tokens","transfers > via safeTransferFrom > without data > to a valid receiver contract > when called by the approved individual","","","adjusts owners balances",""
"passed","Fri Apr 08 00:44:12 GMT 2022","Fri Apr 08 00:44:15 GMT 2022","2392","Contract: ERC1967Proxy","without initialization","when not sending balance","","","has expected balance",""
"passed","Fri Apr 08 00:47:57 GMT 2022","Fri Apr 08 00:48:01 GMT 2022","3677","Contract: ERC20FlashMint","flashLoan","","","","success",""
"passed","Fri Apr 08 00:44:09 GMT 2022","Fri Apr 08 00:44:09 GMT 2022","186","Contract: BeaconProxy","bad beacon is not accepted","","","","non-contract beacon",""
"passed","Fri Apr 08 00:49:35 GMT 2022","Fri Apr 08 00:49:36 GMT 2022","1595","Contract: ERC20","_transfer","when the recipient is not the zero address > when the sender does not have enough balance","","","reverts",""
"passed","Fri Apr 08 00:44:23 GMT 2022","Fri Apr 08 00:44:26 GMT 2022","2569","Contract: ProxyAdmin","#getProxyAdmin","","","","returns proxyAdmin as admin of the proxy",""
"passed","Fri Apr 08 00:49:29 GMT 2022","Fri Apr 08 00:49:31 GMT 2022","2169","Contract: ERC20","_burn","for a non zero account > for less amount than balance","","","decrements totalSupply",""
"passed","Fri Apr 08 00:55:29 GMT 2022","Fri Apr 08 00:55:33 GMT 2022","3483","Contract: SafeMath","with custom revert message","div","","","reverts on division by zero",""
"passed","Fri Apr 08 00:56:15 GMT 2022","Fri Apr 08 00:56:17 GMT 2022","1906","Contract: EnumerableMap","read","get","","","missing value",""
"passed","Fri Apr 08 00:52:46 GMT 2022","Fri Apr 08 00:52:51 GMT 2022","4194","Contract: Create2","deploy","","","","deploys a ERC20Mock with correct balances",""
"passed","Fri Apr 08 00:44:12 GMT 2022","Fri Apr 08 00:44:12 GMT 2022","5","Ethers.js","","","","","testStateChangingMethods",""
"passed","Fri Apr 08 00:58:43 GMT 2022","Fri Apr 08 00:58:48 GMT 2022","4920","Contract: ERC721Enumerable","with minted tokens","transfers > via safeTransferFrom > with data > to a valid receiver contract > when called by the operator","","","emits an Approval event",""
"passed","Fri Apr 08 00:56:17 GMT 2022","Fri Apr 08 00:56:18 GMT 2022","1175","Contract: SafeCast","toInt64","","","","reverts when downcasting -2^63 - 2 (-9223372036854775810)",""
"passed","Fri Apr 08 00:51:48 GMT 2022","Fri Apr 08 00:51:53 GMT 2022","5058","Contract: ERC721Enumerable","with minted tokens","transfers > via transferFrom > when called by the approved individual","","","transfers the ownership of the given token ID to the given address",""
"passed","Fri Apr 08 01:02:43 GMT 2022","Fri Apr 08 01:02:48 GMT 2022","4570","Contract: ERC721Enumerable","with minted tokens","transfers > via safeTransferFrom > without data > to a valid receiver contract > when called by the approved individual","","","emits a Transfer event",""
"passed","Fri Apr 08 00:55:13 GMT 2022","Fri Apr 08 00:55:14 GMT 2022","1290","Contract: SafeMath","with default revert message","div","","","reverts on division by zero",""
"passed","Fri Apr 08 00:48:58 GMT 2022","Fri Apr 08 00:49:00 GMT 2022","2262","Contract: ERC20","increase allowance","when the spender is not the zero address > when the sender does not have enough balance > when there was no approved amount before","","","approves the requested amount",""
"passed","Fri Apr 08 00:48:30 GMT 2022","Fri Apr 08 00:48:33 GMT 2022","2818","Contract: ERC1155","like an ERC1155","safeBatchTransferFrom","","","reverts when transferring to zero address",""
"passed","Fri Apr 08 00:54:28 GMT 2022","Fri Apr 08 00:54:30 GMT 2022","2012","Contract: SafeMath","with flag","add","","","reverts on addition overflow",""
"passed","Fri Apr 08 00:51:38 GMT 2022","Fri Apr 08 00:51:42 GMT 2022","4862","Contract: ERC721","with minted tokens","transfers > via transferFrom > when called by the owner","","","adjusts owners balances",""
"passed","Fri Apr 08 00:46:20 GMT 2022","Fri Apr 08 00:46:28 GMT 2022","8323","Contract: ERC1155","like an ERC1155","safeTransferFrom > when called by the multiTokenHolder","","","emits a TransferSingle log",""
"passed","Fri Apr 08 01:03:20 GMT 2022","Fri Apr 08 01:03:24 GMT 2022","4432","Contract: ERC721","with minted tokens","transfers > via safeTransferFrom > without data > to a valid receiver contract > when called by the operator","","","clears the approval for the token ID",""
"passed","Fri Apr 08 00:56:28 GMT 2022","Fri Apr 08 00:56:29 GMT 2022","1218","Contract: SafeCast","toInt128","","","","downcasts 2^127 - 1 (170141183460469231731687303715884105727)",""
"passed","Fri Apr 08 00:56:20 GMT 2022","Fri Apr 08 00:56:26 GMT 2022","5285","Contract: EnumerableSet","EnumerableAddressSet","add","","","returns false when adding values already in the set",""
"passed","Fri Apr 08 00:45:24 GMT 2022","Fri Apr 08 00:45:29 GMT 2022","4376","Contract: ERC1155Burnable","burn","","","","holder can burn their tokens",""
"passed","Fri Apr 08 00:54:29 GMT 2022","Fri Apr 08 00:54:40 GMT 2022","10332","Contract: ERC721","with minted tokens","transfers > via transferFrom > when the given token ID does not exist","","","reverts",""
"passed","Fri Apr 08 01:00:36 GMT 2022","Fri Apr 08 01:00:39 GMT 2022","3183","Contract: ERC721","with minted tokens","transfers > via safeTransferFrom > without data > to a user account > when called by the approved individual","","","emits a Transfer event",""
"passed","Fri Apr 08 00:55:41 GMT 2022","Fri Apr 08 00:55:46 GMT 2022","4712","Contract: ERC721Enumerable","with minted tokens","transfers > via safeTransferFrom > with data > to a user account > when called by the approved individual","","","emits an Approval event",""
"passed","Fri Apr 08 00:53:25 GMT 2022","Fri Apr 08 00:53:46 GMT 2022","21031","Contract: ConditionalEscrow","when withdrawal is allowed","as an escrow > deposits","","","can accept an empty deposit",""
"passed","Fri Apr 08 00:52:31 GMT 2022","Fri Apr 08 00:52:34 GMT 2022","3386","Contract: Context","msgSender","","","","returns the transaction sender when from another contract",""
"passed","Fri Apr 08 01:02:16 GMT 2022","Fri Apr 08 01:02:21 GMT 2022","4546","Contract: ERC721","with minted tokens","transfers > via safeTransferFrom > without data > to a valid receiver contract > when called by the owner","","","transfers the ownership of the given token ID to the given address",""
"passed","Fri Apr 08 01:06:12 GMT 2022","Fri Apr 08 01:06:14 GMT 2022","2452","Contract: ERC721","with minted tokens","setApprovalForAll > when the operator willing to approve is not the owner > when there is no operator approval set by the sender","","","emits an approval event",""
"passed","Fri Apr 08 00:51:12 GMT 2022","Fri Apr 08 00:51:16 GMT 2022","3429","Contract: ERC721Pausable","when token is paused","","","","reverts when trying to burn",""
"passed","Fri Apr 08 00:53:37 GMT 2022","Fri Apr 08 00:53:41 GMT 2022","4118","Contract: ERC165Checker","ERC165 not supported","","","","does not support ERC165",""
"passed","Fri Apr 08 00:54:06 GMT 2022","Fri Apr 08 00:54:09 GMT 2022","3483","Contract: ERC165Checker","ERC165 and single interface supported","","","","supports ERC165",""
"passed","Fri Apr 08 00:49:41 GMT 2022","Fri Apr 08 00:49:43 GMT 2022","1752","Contract: ERC20","_transfer","when the recipient is not the zero address > when the sender transfers zero tokens","","","transfers the requested amount",""
"passed","Fri Apr 08 00:55:10 GMT 2022","Fri Apr 08 00:55:13 GMT 2022","2151","Contract: SafeMath","with default revert message","div","","","returns complete number result on non-even division",""
"passed","Fri Apr 08 00:46:36 GMT 2022","Fri Apr 08 00:46:43 GMT 2022","6654","Contract: TransparentUpgradeableProxy","upgradeToAndCall","with migrations > when the sender is the admin > when upgrading to V1 > when upgrading to V2","","","calls the 'migrate' function and sends given value to the proxy",""
"passed","Fri Apr 08 01:07:08 GMT 2022","Fri Apr 08 01:07:10 GMT 2022","2490","Contract: ERC721Enumerable","metadata","token URI > base URI","","","base URI is added as a prefix to the token URI",""
"passed","Fri Apr 08 00:56:13 GMT 2022","Fri Apr 08 00:56:16 GMT 2022","3824","Contract: ERC721Enumerable","with minted tokens","transfers > via safeTransferFrom > with data > to a user account > when called by the operator","","","clears the approval for the token ID",""
"passed","Fri Apr 08 00:43:23 GMT 2022","Fri Apr 08 00:43:35 GMT 2022","11691","Contract: GovernorTimelockControl","Contract interface","Governor > ERC165's supportsInterface(bytes4)","","","uses less than 30k gas [skip-on-coverage]",""
"passed","Fri Apr 08 00:44:27 GMT 2022","Fri Apr 08 00:44:30 GMT 2022","3131","Contract: Initializable","basic testing without inheritance","after initialize","","","initializer has run",""
"passed","Fri Apr 08 00:51:38 GMT 2022","Fri Apr 08 00:51:43 GMT 2022","4730","Contract: ERC721Enumerable","with minted tokens","transfers > via transferFrom > when called by the owner","","","adjusts owners balances",""
"passed","Fri Apr 08 00:54:26 GMT 2022","Fri Apr 08 00:54:29 GMT 2022","3715","Contract: ERC165Checker","ERC165 and many interfaces supported","","","","supports none of the interfaces queried via supportsAllInterfaces",""
"skipped","Fri Apr 08 00:48:24 GMT 2022","Fri Apr 08 00:48:24 GMT 2022","0","Contract: ERC20VotesComp","Compound test suite","balanceOf","","","grants to initial account",""
"passed","Fri Apr 08 00:55:50 GMT 2022","Fri Apr 08 00:55:51 GMT 2022","1331","Contract: SafeCast","toInt32","","","","downcasts 0",""
"passed","Fri Apr 08 00:44:10 GMT 2022","Fri Apr 08 00:44:12 GMT 2022","2292","Contract: ERC1967Proxy","without initialization","when not sending balance","","","initializes the proxy",""
"passed","Fri Apr 08 00:46:08 GMT 2022","Fri Apr 08 00:46:11 GMT 2022","2677","Contract: TransparentUpgradeableProxy","upgradeToAndCall","without migrations > when the call does not fail > when the sender is not the admin","","","reverts",""
"passed","Fri Apr 08 00:46:43 GMT 2022","Fri Apr 08 00:46:52 GMT 2022","8817","Contract: TransparentUpgradeableProxy","upgradeToAndCall","with migrations > when the sender is the admin > when upgrading to V1 > when upgrading to V2 > when upgrading to V3","","","upgrades to the requested version and emits an event",""
"passed","Fri Apr 08 01:06:20 GMT 2022","Fri Apr 08 01:06:23 GMT 2022","2979","Contract: ERC721","with minted tokens","setApprovalForAll > when the operator willing to approve is not the owner > when the operator was set as not approved","","","can unset the operator approval",""
"passed","Fri Apr 08 00:53:53 GMT 2022","Fri Apr 08 00:53:58 GMT 2022","4302","Contract: ERC721Enumerable","with minted tokens","transfers > via transferFrom > when sent to the owner","","","clears the approval for the token ID",""
"passed","Fri Apr 08 00:44:28 GMT 2022","Fri Apr 08 00:44:30 GMT 2022","1513","Contract: Clones","clone","initialization with parameters > non payable > when sending some balance","","","reverts",""
"passed","Fri Apr 08 00:51:52 GMT 2022","Fri Apr 08 00:51:55 GMT 2022","2159","Contract: ERC1155","internal functions","_burnBatch","","","reverts if length of inputs do not match",""
"passed","Fri Apr 08 00:53:05 GMT 2022","Fri Apr 08 00:53:08 GMT 2022","2663","Contract: Address","functionCall","with valid contract receiver","","","reverts when the called function throws",""
"passed","Fri Apr 08 00:45:59 GMT 2022","Fri Apr 08 00:46:04 GMT 2022","4994","Contract: ERC1155Burnable","burnBatch","","","","unapproved accounts cannot burn the holder's tokens",""
"passed","Fri Apr 08 00:47:59 GMT 2022","Fri Apr 08 00:48:01 GMT 2022","1920","Contract: ERC20","approve","when the spender is not the zero address > when the sender does not have enough balance > when there was no approved amount before","","","approves the requested amount",""
"passed","Fri Apr 08 00:53:38 GMT 2022","Fri Apr 08 00:53:42 GMT 2022","4873","Contract: Address","functionStaticCall","","","","calls the requested function",""
"passed","Fri Apr 08 00:48:08 GMT 2022","Fri Apr 08 00:48:11 GMT 2022","3466","Contract: ERC20","decrease allowance","when the spender is not the zero address > when the sender has enough balance > when there was no approved amount before","","","reverts",""
"passed","Fri Apr 08 00:43:19 GMT 2022","Fri Apr 08 00:43:21 GMT 2022","1999","Contract: AccessControl","renouncing","","","","roles that are not had can be renounced",""
"passed","Fri Apr 08 00:52:53 GMT 2022","Fri Apr 08 00:53:04 GMT 2022","11137","Contract: ERC721Enumerable","with minted tokens","transfers > via transferFrom > when called by the operator","","","adjusts owners balances",""
"passed","Fri Apr 08 00:49:39 GMT 2022","Fri Apr 08 00:49:42 GMT 2022","2962","Contract: ERC20PresetMinterPauser","burning","","","","holders can burn their tokens",""
"passed","Fri Apr 08 00:44:09 GMT 2022","Fri Apr 08 00:44:11 GMT 2022","1477","Contract: BeaconProxy","bad beacon is not accepted","","","","non-compliant beacon",""
"passed","Fri Apr 08 01:07:01 GMT 2022","Fri Apr 08 01:07:02 GMT 2022","1383","Contract: ERC721","Contract interface","ERC721Metadata > tokenURI(uint256)","","","has to be implemented",""
"passed","Fri Apr 08 00:54:45 GMT 2022","Fri Apr 08 00:54:46 GMT 2022","1208","Contract: SafeCast","toUint64","","","","downcasts 2^64 - 1 (18446744073709551615)",""
"passed","Fri Apr 08 00:47:22 GMT 2022","Fri Apr 08 00:47:25 GMT 2022","2443","Contract: ERC1155PresetMinterPauser","pausing","","","","other accounts cannot pause",""
"passed","Fri Apr 08 00:47:21 GMT 2022","Fri Apr 08 00:47:23 GMT 2022","2211","Contract: ERC20Permit","permit","","","","rejects reused signature",""
"passed","Fri Apr 08 01:07:01 GMT 2022","Fri Apr 08 01:07:02 GMT 2022","1224","Contract: ERC721Enumerable","metadata","","","","has a symbol",""
"passed","Fri Apr 08 00:49:38 GMT 2022","Fri Apr 08 00:49:43 GMT 2022","5555","Contract: ERC1155","like an ERC1155","safeBatchTransferFrom > when sending to a valid receiver > without data","","","calls onERC1155BatchReceived",""
"passed","Fri Apr 08 00:56:17 GMT 2022","Fri Apr 08 00:56:19 GMT 2022","1500","Contract: EnumerableMap","read","get with message","","","existing value",""
"broken","Fri Apr 08 00:50:31 GMT 2022","Fri Apr 08 00:50:31 GMT 2022","0","Contract: GovernorTimelockCompound","transfer timelock to new governor","using workflow","","","""after each"" hook for ""run""",""
"passed","Fri Apr 08 00:44:28 GMT 2022","Fri Apr 08 00:44:32 GMT 2022","3187","Contract: ProxyAdmin","#changeProxyAdmin","","","","fails to change proxy admin if its not the proxy owner",""
"passed","Fri Apr 08 00:46:02 GMT 2022","Fri Apr 08 00:46:06 GMT 2022","4055","Contract: ERC1155Pausable","when token is paused","","","","reverts when trying to mint",""
"passed","Fri Apr 08 00:47:16 GMT 2022","Fri Apr 08 00:47:18 GMT 2022","1610","Contract: ERC20","transfer","when the recipient is not the zero address > when the sender transfers zero tokens","","","emits a transfer event",""
"passed","Fri Apr 08 00:53:21 GMT 2022","Fri Apr 08 00:53:24 GMT 2022","2448","Contract: ERC165Checker","ERC165 missing return data","","","","does not support ERC165",""
"passed","Fri Apr 08 00:44:22 GMT 2022","Fri Apr 08 00:44:23 GMT 2022","1079","Contract: ERC1967Proxy","initialization without parameters","payable > when not sending balance","","","has expected balance",""
"passed","Fri Apr 08 00:43:19 GMT 2022","Fri Apr 08 00:43:24 GMT 2022","4139","Contract: ERC2771Context","when called directly","msgSender","","","returns the transaction sender when called from an EOA",""
"passed","Fri Apr 08 00:42:44 GMT 2022","Fri Apr 08 00:42:45 GMT 2022","1195","Contract: VestingWallet","","","","","rejects zero address for beneficiary",""
"passed","Fri Apr 08 00:45:01 GMT 2022","Fri Apr 08 00:45:11 GMT 2022","10079","Contract: Governor","Contract interface","Governor > proposalSnapshot(uint256)","","","has to be implemented",""
"passed","Fri Apr 08 00:57:09 GMT 2022","Fri Apr 08 00:57:13 GMT 2022","3855","Contract: ERC721","with minted tokens","transfers > via safeTransferFrom > with data > to a user account > when sent to the owner","","","keeps the owner balance",""
"skipped","Fri Apr 08 00:42:44 GMT 2022","Fri Apr 08 00:42:44 GMT 2022","0","Contract: GovernorCompatibilityBravo","","","","","deployment check",""
"passed","Fri Apr 08 00:52:31 GMT 2022","Fri Apr 08 00:52:50 GMT 2022","18381","Contract: Governor","state","Succeeded","","","run",""
"passed","Fri Apr 08 00:51:35 GMT 2022","Fri Apr 08 00:51:38 GMT 2022","2670","Contract: ERC1155","internal functions","_mintBatch > with minted batch of tokens","","","emits a TransferBatch event",""
"broken","Fri Apr 08 00:49:43 GMT 2022","Fri Apr 08 00:50:09 GMT 2022","26230","Contract: GovernorTimelockCompound","updateTimelock","using workflow","","","run",""
"passed","Fri Apr 08 00:44:52 GMT 2022","Fri Apr 08 00:44:54 GMT 2022","2024","Contract: TransparentUpgradeableProxy","initialization without parameters","non payable > when sending some balance","","","reverts",""
"passed","Fri Apr 08 00:44:27 GMT 2022","Fri Apr 08 00:44:29 GMT 2022","1453","Contract: TransparentUpgradeableProxy","","","","","cannot be initialized with a non-contract address",""
"passed","Fri Apr 08 00:43:40 GMT 2022","Fri Apr 08 00:43:50 GMT 2022","9347","Contract: AccessControl","setting role admin","","","","the new admin can revoke roles",""
"passed","Fri Apr 08 00:58:24 GMT 2022","Fri Apr 08 00:58:29 GMT 2022","4662","Contract: ERC721Enumerable","with minted tokens","transfers > via safeTransferFrom > with data > to a valid receiver contract > when called by the approved individual","","","adjusts owners tokens by index",""
"passed","Fri Apr 08 01:00:26 GMT 2022","Fri Apr 08 01:00:29 GMT 2022","3390","Contract: ERC721","with minted tokens","transfers > via safeTransferFrom > without data > to a user account > when called by the owner","","","adjusts owners balances",""
"passed","Fri Apr 08 00:44:04 GMT 2022","Fri Apr 08 00:44:09 GMT 2022","4772","Contract: BeaconProxy","","","","","upgrade 2 proxies by upgrading shared beacon",""
"passed","Fri Apr 08 00:49:16 GMT 2022","Fri Apr 08 00:49:17 GMT 2022","1648","Contract: ERC20PresetMinterPauser","","","","","deployer has the pauser role",""
"passed","Fri Apr 08 01:06:03 GMT 2022","Fri Apr 08 01:06:06 GMT 2022","3295","Contract: ERC721","with minted tokens","approve > when the sender is an operator","","","emits an approval event",""
"passed","Fri Apr 08 00:55:44 GMT 2022","Fri Apr 08 00:55:46 GMT 2022","1436","Contract: SafeCast","toInt16","","","","reverts when downcasting -2^15 - 1 (-32769)",""
"passed","Fri Apr 08 00:53:54 GMT 2022","Fri Apr 08 00:54:13 GMT 2022","18701","Contract: ConditionalEscrow","when withdrawal is allowed","as an escrow > deposits","","","emits a deposited event",""
"passed","Fri Apr 08 00:50:33 GMT 2022","Fri Apr 08 00:50:54 GMT 2022","21248","Contract: GovernorTimelockControl","cancel before queue prevents scheduling","","","","run",""
"passed","Fri Apr 08 00:56:49 GMT 2022","Fri Apr 08 00:56:53 GMT 2022","3796","Contract: ERC721","with minted tokens","transfers > via safeTransferFrom > with data > to a user account > when called by the owner without an approved user","","","adjusts owners balances",""
"passed","Fri Apr 08 01:06:09 GMT 2022","Fri Apr 08 01:06:12 GMT 2022","2859","Contract: ERC721","with minted tokens","setApprovalForAll > when the operator willing to approve is not the owner > when there is no operator approval set by the sender","","","approves the operator",""
"passed","Fri Apr 08 00:44:20 GMT 2022","Fri Apr 08 00:44:21 GMT 2022","140","Contract: ERC1967Proxy","initialization without parameters","non payable > when sending some balance","","","reverts",""
"passed","Fri Apr 08 00:59:32 GMT 2022","Fri Apr 08 00:59:37 GMT 2022","4172","Contract: ERC721","with minted tokens","transfers > via safeTransferFrom > with data > to a valid receiver contract > when sent to the owner","","","clears the approval for the token ID",""
"passed","Fri Apr 08 00:58:33 GMT 2022","Fri Apr 08 00:58:38 GMT 2022","4507","Contract: ERC721Enumerable","with minted tokens","transfers > via safeTransferFrom > with data > to a valid receiver contract > when called by the operator","","","emits a Transfer event",""
"passed","Fri Apr 08 00:52:44 GMT 2022","Fri Apr 08 00:52:46 GMT 2022","1946","Contract: EIP712","","","","","domain separator",""
"passed","Fri Apr 08 00:49:43 GMT 2022","Fri Apr 08 00:49:45 GMT 2022","1761","Contract: ERC20","_transfer","when the recipient is not the zero address > when the sender transfers zero tokens","","","emits a transfer event",""
"passed","Fri Apr 08 00:43:53 GMT 2022","Fri Apr 08 00:43:56 GMT 2022","2504","Contract: AccessControl","setting role admin","","","","a role's previous admins no longer revoke roles",""
"passed","Fri Apr 08 01:05:31 GMT 2022","Fri Apr 08 01:05:34 GMT 2022","2905","Contract: ERC721Enumerable","with minted tokens","approve > when clearing approval > when there was a prior approval","","","emits an approval event",""
"passed","Fri Apr 08 00:56:46 GMT 2022","Fri Apr 08 00:56:47 GMT 2022","1034","Contract: EnumerableSet","EnumerableUintSet","at","","","reverts when retrieving non-existent elements",""
"passed","Fri Apr 08 00:48:42 GMT 2022","Fri Apr 08 00:48:45 GMT 2022","3420","Contract: ERC20","decrease allowance","when the spender is the zero address","","","reverts",""
"passed","Fri Apr 08 00:42:46 GMT 2022","Fri Apr 08 00:42:51 GMT 2022","4908","Contract: VestingWallet","vesting schedule","Eth vesting","","","check vesting schedule",""
"passed","Fri Apr 08 01:06:54 GMT 2022","Fri Apr 08 01:06:56 GMT 2022","1325","Contract: ERC721Enumerable","Contract interface","ERC721Metadata > ERC165's supportsInterface(bytes4)","","","claims support [skip-on-coverage]",""
"passed","Fri Apr 08 01:07:47 GMT 2022","Fri Apr 08 01:07:49 GMT 2022","1610","Contract: ERC721Enumerable","_mint(address, uint256)","with minted token","","","adjusts all tokens list",""
"passed","Fri Apr 08 00:44:19 GMT 2022","Fri Apr 08 00:44:22 GMT 2022","2956","Contract: BeaconProxy","initialization","","","","payable initialization",""
"passed","Fri Apr 08 00:59:09 GMT 2022","Fri Apr 08 00:59:14 GMT 2022","4687","Contract: ERC721","with minted tokens","transfers > via safeTransferFrom > with data > to a valid receiver contract > when called by the owner without an approved user","","","clears the approval for the token ID",""
"passed","Fri Apr 08 00:45:18 GMT 2022","Fri Apr 08 00:45:20 GMT 2022","1322","Contract: Clones","cloneDeterministic","initialization with parameters > non payable > when sending some balance","","","reverts",""
"passed","Fri Apr 08 00:52:23 GMT 2022","Fri Apr 08 00:52:24 GMT 2022","1282","Contract: Arrays","findUpperBound","Even number of elements","","","returns 0 for the first element",""
"passed","Fri Apr 08 00:52:23 GMT 2022","Fri Apr 08 00:52:25 GMT 2022","1865","Contract: ERC721PresetMinterPauserAutoId","Contract interface","ERC721Enumerable > ERC165's supportsInterface(bytes4)","","","uses less than 30k gas [skip-on-coverage]",""
"passed","Fri Apr 08 00:48:25 GMT 2022","Fri Apr 08 00:48:28 GMT 2022","2782","Contract: ERC20Pausable","pausable token","transfer","","","reverts when trying to transfer when paused",""
"passed","Fri Apr 08 00:46:50 GMT 2022","Fri Apr 08 00:46:51 GMT 2022","1688","Contract: ERC1155PresetMinterPauser","Contract interface","AccessControlEnumerable > ERC165's supportsInterface(bytes4)","","","uses less than 30k gas [skip-on-coverage]",""
"passed","Fri Apr 08 00:42:46 GMT 2022","Fri Apr 08 00:42:47 GMT 2022","1299","Contract: Ownable","transfer ownership","","","","prevents non-owners from transferring",""
"passed","Fri Apr 08 01:00:48 GMT 2022","Fri Apr 08 01:00:51 GMT 2022","3408","Contract: ERC721Enumerable","with minted tokens","transfers > via safeTransferFrom > without data > to a user account > when called by the approved individual","","","adjusts owners tokens by index",""
"passed","Fri Apr 08 00:52:19 GMT 2022","Fri Apr 08 00:52:23 GMT 2022","4144","Contract: ERC20","erc20 behaviour","approve > when the spender is not the zero address > when the sender does not have enough balance > when there was no approved amount before","","","approves the requested amount",""
"passed","Fri Apr 08 00:54:13 GMT 2022","Fri Apr 08 00:54:15 GMT 2022","2685","Contract: ERC165Checker","ERC165 and single interface supported","","","","supports mock interface via supportsAllInterfaces",""
"passed","Fri Apr 08 00:45:32 GMT 2022","Fri Apr 08 00:45:50 GMT 2022","18716","Contract: GovernorTimelockControl","Contract interface","Governor > quorum(uint256)","","","has to be implemented",""
"passed","Fri Apr 08 00:49:09 GMT 2022","Fri Apr 08 00:49:10 GMT 2022","795","Contract: ERC20PresetFixedSupply","burning","","","","holders can burn their tokens",""
"passed","Fri Apr 08 00:53:45 GMT 2022","Fri Apr 08 00:53:50 GMT 2022","5000","Contract: ERC721Enumerable","with minted tokens","transfers > via transferFrom > when called by the owner without an approved user","","","adjusts owners tokens by index",""
"passed","Fri Apr 08 00:54:42 GMT 2022","Fri Apr 08 00:54:43 GMT 2022","1068","Contract: SafeCast","toUint64","","","","downcasts 0",""
"passed","Fri Apr 08 00:56:38 GMT 2022","Fri Apr 08 00:56:40 GMT 2022","1212","Contract: EnumerableSet","EnumerableUintSet","","","","starts empty",""
"passed","Fri Apr 08 00:53:08 GMT 2022","Fri Apr 08 00:53:09 GMT 2022","1348","Contract: ERC721PresetMinterPauserAutoId","pausing","","","","other accounts cannot pause",""
"passed","Fri Apr 08 00:51:48 GMT 2022","Fri Apr 08 00:51:52 GMT 2022","4613","Contract: ERC721","with minted tokens","transfers > via transferFrom > when called by the approved individual","","","transfers the ownership of the given token ID to the given address",""
"skipped","Fri Apr 08 00:49:43 GMT 2022","Fri Apr 08 00:49:43 GMT 2022","0","Contract: GovernorTimelockCompound","updateTimelock","","","","protected",""
"passed","Fri Apr 08 00:45:50 GMT 2022","Fri Apr 08 00:46:05 GMT 2022","14949","Contract: GovernorTimelockControl","Contract interface","Governor > getVotes(address,uint256)","","","has to be implemented",""
"passed","Fri Apr 08 00:44:15 GMT 2022","Fri Apr 08 00:44:17 GMT 2022","2358","Contract: Clones","clone","initialization without parameters > payable > when not sending balance","","","initializes the proxy",""
"passed","Fri Apr 08 00:52:58 GMT 2022","Fri Apr 08 00:53:03 GMT 2022","5020","Contract: Address","functionCall","with valid contract receiver","","","reverts when the called function reverts, bubbling up the revert reason",""
"passed","Fri Apr 08 00:51:48 GMT 2022","Fri Apr 08 00:51:51 GMT 2022","2720","Contract: ERC1155","internal functions","_burn > with minted-then-burnt tokens","","","accounts for both minting and burning",""
"skipped","Fri Apr 08 00:48:24 GMT 2022","Fri Apr 08 00:48:24 GMT 2022","0","Contract: ERC20VotesComp","getPastTotalSupply","","","","generally returns the voting balance at the appropriate checkpoint",""
"passed","Fri Apr 08 00:49:11 GMT 2022","Fri Apr 08 00:49:14 GMT 2022","2146","Contract: ERC20","_mint","for a non zero account","","","emits Transfer event",""
"passed","Fri Apr 08 00:45:28 GMT 2022","Fri Apr 08 00:45:31 GMT 2022","2406","Contract: Clones","cloneDeterministic","initialization with parameters > payable > when sending some balance","","","has expected balance",""
"passed","Fri Apr 08 00:55:07 GMT 2022","Fri Apr 08 00:55:11 GMT 2022","4112","Contract: StorageSlot","boolean storage slot","get","","","from right slot",""
"passed","Fri Apr 08 00:54:19 GMT 2022","Fri Apr 08 00:54:20 GMT 2022","1352","Contract: SafeCast","toUint8","","","","reverts when downcasting 2^8 (256)",""
"passed","Fri Apr 08 00:52:24 GMT 2022","Fri Apr 08 00:52:26 GMT 2022","1266","Contract: Arrays","findUpperBound","Even number of elements","","","returns index of the last element",""
"passed","Fri Apr 08 00:43:52 GMT 2022","Fri Apr 08 00:43:53 GMT 2022","1300","Contract: MinimalForwarder","with message","verify > invalid signature","","","tampered nonce",""
"passed","Fri Apr 08 01:06:43 GMT 2022","Fri Apr 08 01:06:45 GMT 2022","1630","Contract: ERC721","_mint(address, uint256)","with minted token","","","reverts when adding a token id that already exists",""
"passed","Fri Apr 08 01:06:08 GMT 2022","Fri Apr 08 01:06:10 GMT 2022","2436","Contract: ERC721Enumerable","with minted tokens","setApprovalForAll > when the operator willing to approve is not the owner > when there is no operator approval set by the sender","","","emits an approval event",""
"passed","Fri Apr 08 01:01:27 GMT 2022","Fri Apr 08 01:01:31 GMT 2022","4224","Contract: ERC721Enumerable","with minted tokens","transfers > via safeTransferFrom > without data > to a user account > when called by the owner without an approved user","","","adjusts owners balances",""
"passed","Fri Apr 08 00:46:19 GMT 2022","Fri Apr 08 00:46:21 GMT 2022","2247","Contract: ERC1155PresetMinterPauser","Contract interface","ERC1155 > balanceOf(address,uint256)","","","has to be implemented",""
"passed","Fri Apr 08 00:54:16 GMT 2022","Fri Apr 08 00:54:17 GMT 2022","1260","Contract: Math","min","","","","is correctly detected in second argument position",""
"passed","Fri Apr 08 00:43:08 GMT 2022","Fri Apr 08 00:43:14 GMT 2022","6031","Contract: AccessControl","revoking","with granted role","","","non-admin cannot revoke role",""
"passed","Fri Apr 08 01:00:38 GMT 2022","Fri Apr 08 01:00:41 GMT 2022","3342","Contract: ERC721Enumerable","with minted tokens","transfers > via safeTransferFrom > without data > to a user account > when called by the approved individual","","","clears the approval for the token ID",""
"passed","Fri Apr 08 00:52:37 GMT 2022","Fri Apr 08 00:52:43 GMT 2022","5666","Contract: Address","sendValue","when sender contract has funds > with contract recipient","","","sends funds",""
"passed","Fri Apr 08 01:03:47 GMT 2022","Fri Apr 08 01:03:52 GMT 2022","4943","Contract: ERC721","with minted tokens","transfers > via safeTransferFrom > without data > to a valid receiver contract > when called by the owner without an approved user","","","clears the approval for the token ID",""
"passed","Fri Apr 08 01:07:36 GMT 2022","Fri Apr 08 01:07:38 GMT 2022","2111","Contract: ERC721Enumerable","with minted tokens","tokenByIndex","","","reverts if index is greater than supply",""
"passed","Fri Apr 08 00:45:40 GMT 2022","Fri Apr 08 00:45:51 GMT 2022","10526","Contract: ERC1155Burnable","burnBatch","","","","holder can burn their tokens",""
"passed","Fri Apr 08 00:48:09 GMT 2022","Fri Apr 08 00:48:36 GMT 2022","26653","Contract: Governor","scenario","send ethers","","","run",""
"passed","Fri Apr 08 01:06:51 GMT 2022","Fri Apr 08 01:06:53 GMT 2022","2548","Contract: ERC721Enumerable","_burn","with minted tokens > with burnt token","","","reverts when burning a token id that has been deleted",""
"passed","Fri Apr 08 01:05:15 GMT 2022","Fri Apr 08 01:05:18 GMT 2022","3384","Contract: ERC721Enumerable","with minted tokens","safe mint > via safeMint > to a receiver contract that reverts without message","","","reverts",""
"passed","Fri Apr 08 00:54:55 GMT 2022","Fri Apr 08 00:54:56 GMT 2022","1545","Contract: SignedSafeMath","div","","","","returns complete number result on non-even division",""
"passed","Fri Apr 08 01:05:39 GMT 2022","Fri Apr 08 01:05:42 GMT 2022","2997","Contract: ERC721Enumerable","with minted tokens","approve > when approving a non-zero address > when there was a prior approval to the same address","","","sets the approval for the target address",""
"passed","Fri Apr 08 00:55:05 GMT 2022","Fri Apr 08 00:55:07 GMT 2022","2017","Contract: StorageSlot","boolean storage slot","","","","set",""
"failed","Fri Apr 08 00:43:02 GMT 2022","Fri Apr 08 00:43:11 GMT 2022","9463","Contract: VestingWallet","vesting schedule","ERC20 vesting","","","execute vesting schedule",""
"passed","Fri Apr 08 00:49:51 GMT 2022","Fri Apr 08 00:49:55 GMT 2022","3664","Contract: SafeERC20","with token that returns false on all calls","","","","reverts on increaseAllowance",""
"passed","Fri Apr 08 00:48:28 GMT 2022","Fri Apr 08 00:48:31 GMT 2022","3176","Contract: ERC20Pausable","pausable token","transfer from","","","allows to transfer from when unpaused",""
"passed","Fri Apr 08 00:47:56 GMT 2022","Fri Apr 08 00:47:57 GMT 2022","1508","Contract: ERC20FlashMint","flashFee","","","","token mismatch",""
"passed","Fri Apr 08 00:56:29 GMT 2022","Fri Apr 08 00:56:31 GMT 2022","1671","Contract: EnumerableSet","EnumerableAddressSet","remove","","","returns false when removing values not in the set",""
"passed","Fri Apr 08 00:56:13 GMT 2022","Fri Apr 08 00:56:14 GMT 2022","1469","Contract: TimersTimestamp","","","","","unset",""
"skipped","Fri Apr 08 00:48:24 GMT 2022","Fri Apr 08 00:48:24 GMT 2022","0","Contract: ERC20VotesComp","Compound test suite","numCheckpoints","","","returns the number of checkpoints for a delegate",""
"passed","Fri Apr 08 00:44:15 GMT 2022","Fri Apr 08 00:44:16 GMT 2022","1412","Contract: ERC1967Proxy","without initialization","when sending some balance","","","initializes the proxy",""
"skipped","Fri Apr 08 00:42:44 GMT 2022","Fri Apr 08 00:42:44 GMT 2022","0","Contract: GovernorComp","","","","","deployment check",""
"passed","Fri Apr 08 00:50:01 GMT 2022","Fri Apr 08 00:50:06 GMT 2022","4535","Contract: ERC20","erc20 behaviour","transfer > when the recipient is not the zero address > when the sender does not have enough balance","","","reverts",""
"passed","Fri Apr 08 00:43:03 GMT 2022","Fri Apr 08 00:43:08 GMT 2022","4524","Contract: AccessControl","revoking","with granted role","","","admin can revoke role",""
"passed","Fri Apr 08 00:50:28 GMT 2022","Fri Apr 08 00:50:31 GMT 2022","3661","Contract: SafeERC20","with token that returns true on all calls","approvals > with non-zero allowance","","","doesn't revert when approving a zero allowance",""
"passed","Fri Apr 08 00:52:13 GMT 2022","Fri Apr 08 00:52:17 GMT 2022","4287","Contract: ERC1155","ERC1155MetadataURI","_setURI","","","emits no URI event",""
"passed","Fri Apr 08 01:06:26 GMT 2022","Fri Apr 08 01:06:29 GMT 2022","2863","Contract: ERC721","with minted tokens","setApprovalForAll > when the operator willing to approve is not the owner > when the operator was already approved","","","emits an approval event",""
"passed","Fri Apr 08 00:47:53 GMT 2022","Fri Apr 08 00:47:54 GMT 2022","1652","Contract: ERC20FlashMint","maxFlashLoan","","","","token mismatch",""
"passed","Fri Apr 08 00:52:27 GMT 2022","Fri Apr 08 00:52:31 GMT 2022","4057","Contract: Context","msgSender","","","","returns the transaction sender when called from an EOA",""
"passed","Fri Apr 08 00:52:31 GMT 2022","Fri Apr 08 00:52:33 GMT 2022","1610","Contract: Arrays","findUpperBound","Odd number of elements","","","returns index of the last element",""
"passed","Fri Apr 08 00:55:13 GMT 2022","Fri Apr 08 00:55:14 GMT 2022","1100","Contract: Strings","from uint256 - decimal format","","","","converts MAX_UINT256",""
"passed","Fri Apr 08 00:48:45 GMT 2022","Fri Apr 08 00:48:49 GMT 2022","3507","Contract: ERC20","increase allowance","when the spender is not the zero address > when the sender has enough balance","","","emits an approval event",""
"passed","Fri Apr 08 00:55:48 GMT 2022","Fri Apr 08 00:55:50 GMT 2022","1355","Contract: SafeCast","toInt16","","","","reverts when downcasting 2^15 + 1 (32769)",""
"passed","Fri Apr 08 00:58:19 GMT 2022","Fri Apr 08 00:58:23 GMT 2022","4415","Contract: ERC721","with minted tokens","transfers > via safeTransferFrom > with data > to a valid receiver contract > when called by the approved individual","","","emits an Approval event",""
"skipped","Fri Apr 08 00:43:14 GMT 2022","Fri Apr 08 00:43:14 GMT 2022","0","Contract: TimelockController","methods","batch > execute > with scheduled operation > on time","","","length mismatch #1",""
"passed","Fri Apr 08 00:45:04 GMT 2022","Fri Apr 08 00:45:10 GMT 2022","5585","Contract: TransparentUpgradeableProxy","initialization without parameters","payable > when sending some balance","","","has expected balance",""
"passed","Fri Apr 08 00:56:59 GMT 2022","Fri Apr 08 00:57:02 GMT 2022","3317","Contract: ERC721Enumerable","with minted tokens","transfers > via safeTransferFrom > with data > to a user account > when sent to the owner","","","clears the approval for the token ID",""
"passed","Fri Apr 08 01:06:29 GMT 2022","Fri Apr 08 01:06:31 GMT 2022","1960","Contract: ERC721Enumerable","with minted tokens","getApproved > when token is not minted","","","reverts",""
"passed","Fri Apr 08 00:46:16 GMT 2022","Fri Apr 08 00:46:37 GMT 2022","20361","Contract: GovernorTimelockControl","Contract interface","Governor > propose(address[],uint256[],bytes[],string)","","","has to be implemented",""
"passed","Fri Apr 08 00:54:40 GMT 2022","Fri Apr 08 00:54:43 GMT 2022","3508","Contract: ERC721","with minted tokens","transfers > via transferFrom > when the address to transfer the token to is the zero address","","","reverts",""
"passed","Fri Apr 08 00:56:18 GMT 2022","Fri Apr 08 00:56:21 GMT 2022","3467","Contract: ERC721","with minted tokens","transfers > via safeTransferFrom > with data > to a user account > when called by the operator","","","emits an Approval event",""
"passed","Fri Apr 08 00:47:25 GMT 2022","Fri Apr 08 00:47:32 GMT 2022","6820","Contract: ERC1155","like an ERC1155","safeTransferFrom > when sending to a valid receiver > without data","","","emits a TransferSingle log",""
"passed","Fri Apr 08 00:48:14 GMT 2022","Fri Apr 08 00:48:33 GMT 2022","18550","Contract: GovernorTimelockCompound","deplicated underlying call","","","","run",""
"passed","Fri Apr 08 00:57:57 GMT 2022","Fri Apr 08 00:58:01 GMT 2022","4174","Contract: ERC721","with minted tokens","transfers > via safeTransferFrom > with data > to a valid receiver contract > when called by the owner","","","adjusts owners balances",""
"passed","Fri Apr 08 00:56:47 GMT 2022","Fri Apr 08 00:56:50 GMT 2022","2219","Contract: EnumerableSet","EnumerableUintSet","remove","","","removes added values",""
"passed","Fri Apr 08 00:44:29 GMT 2022","Fri Apr 08 00:44:33 GMT 2022","4616","Contract: TransparentUpgradeableProxy","without initialization","when not sending balance","","","initializes the proxy",""
"passed","Fri Apr 08 00:45:40 GMT 2022","Fri Apr 08 00:45:43 GMT 2022","3584","Contract: TransparentUpgradeableProxy","upgradeTo","when the sender is the admin > when the given implementation is the zero address","","","reverts",""
"passed","Fri Apr 08 00:49:05 GMT 2022","Fri Apr 08 00:49:07 GMT 2022","1589","Contract: ERC20","_mint","","","","rejects a null account",""
"passed","Fri Apr 08 00:47:19 GMT 2022","Fri Apr 08 00:47:21 GMT 2022","1267","Contract: TransparentUpgradeableProxy","storage","","","","should store the implementation address in specified location",""
"passed","Fri Apr 08 00:53:52 GMT 2022","Fri Apr 08 00:53:55 GMT 2022","3288","Contract: Address","functionDelegateCall","","","","delegate calls the requested function",""
"passed","Fri Apr 08 00:54:20 GMT 2022","Fri Apr 08 00:54:23 GMT 2022","3589","Contract: ERC721","with minted tokens","transfers > via transferFrom > when the address of the previous owner is incorrect","","","reverts",""
"skipped","Fri Apr 08 00:48:27 GMT 2022","Fri Apr 08 00:48:27 GMT 2022","0","Contract: ERC20Votes","set delegation","with signature","","","rejects bad nonce",""
"passed","Fri Apr 08 00:56:16 GMT 2022","Fri Apr 08 00:56:18 GMT 2022","2197","Contract: EnumerableSet","EnumerableAddressSet","add","","","adds a value",""
"passed","Fri Apr 08 00:53:07 GMT 2022","Fri Apr 08 00:53:08 GMT 2022","1487","Contract: ECDSA","recover with valid signature","with v0 signature","","","works with 27 as version value",""
"passed","Fri Apr 08 00:50:07 GMT 2022","Fri Apr 08 00:50:08 GMT 2022","1523","Contract: ERC20","_approve","when the spender is the zero address","","","reverts",""
"passed","Fri Apr 08 01:05:12 GMT 2022","Fri Apr 08 01:05:15 GMT 2022","2979","Contract: ERC721Enumerable","with minted tokens","safe mint > via safeMint > to a receiver contract that reverts with message","","","reverts",""
"passed","Fri Apr 08 00:53:05 GMT 2022","Fri Apr 08 00:53:07 GMT 2022","1320","Contract: ECDSA","recover with valid signature","with v0 signature","","","reverts with 00 as version value",""
"passed","Fri Apr 08 00:55:22 GMT 2022","Fri Apr 08 00:55:23 GMT 2022","1102","Contract: Strings","from uint256 - fixed hex format","","","","converts MAX_UINT256",""
"passed","Fri Apr 08 00:52:16 GMT 2022","Fri Apr 08 00:52:20 GMT 2022","3717","Contract: Address","isContract","","","","returns true for contract address",""
"passed","Fri Apr 08 00:56:11 GMT 2022","Fri Apr 08 00:56:12 GMT 2022","1248","Contract: SafeCast","toInt64","","","","downcasts 1",""
"passed","Fri Apr 08 00:44:04 GMT 2022","Fri Apr 08 00:44:05 GMT 2022","1165","Contract: AccessControl","Contract interface","AccessControlEnumerable > getRoleMember(bytes32,uint256)","","","has to be implemented",""
"passed","Fri Apr 08 00:50:43 GMT 2022","Fri Apr 08 00:50:48 GMT 2022","5263","Contract: ERC721","with minted tokens","balanceOf > when the given address does not own any tokens","","","returns 0",""
"passed","Fri Apr 08 00:43:01 GMT 2022","Fri Apr 08 00:43:03 GMT 2022","2034","Contract: AccessControl","revoking","","","","roles that are not had can be revoked",""
"passed","Fri Apr 08 00:53:12 GMT 2022","Fri Apr 08 00:53:16 GMT 2022","3463","Contract: Address","functionCallWithValue","with zero value","","","calls the requested function",""
"passed","Fri Apr 08 00:45:03 GMT 2022","Fri Apr 08 00:45:08 GMT 2022","5483","Contract: Clones","cloneDeterministic","initialization without parameters > payable > when not sending balance","","","has expected balance",""
"passed","Fri Apr 08 00:54:12 GMT 2022","Fri Apr 08 00:54:17 GMT 2022","4956","Contract: ERC721Enumerable","with minted tokens","transfers > via transferFrom > when sent to the owner","","","keeps the owner balance",""
"passed","Fri Apr 08 00:54:35 GMT 2022","Fri Apr 08 00:54:41 GMT 2022","5955","Contract: ERC721Enumerable","with minted tokens","transfers > via transferFrom > when the given token ID does not exist","","","reverts",""
"passed","Fri Apr 08 01:04:43 GMT 2022","Fri Apr 08 01:04:47 GMT 2022","3745","Contract: ERC721Enumerable","with minted tokens","transfers > via safeTransferFrom > to a receiver contract returning unexpected value","","","reverts",""
"passed","Fri Apr 08 01:05:50 GMT 2022","Fri Apr 08 01:05:53 GMT 2022","2913","Contract: ERC721","with minted tokens","approve > when approving a non-zero address > when there was a prior approval to a different address","","","emits an approval event",""
"passed","Fri Apr 08 00:55:30 GMT 2022","Fri Apr 08 00:55:33 GMT 2022","2745","Contract: SafeCast","toInt8","","","","reverts when downcasting -2^7 - 2 (-130)",""
"passed","Fri Apr 08 00:42:44 GMT 2022","Fri Apr 08 00:42:45 GMT 2022","1358","Contract: AccessControl","Contract interface","AccessControl > ERC165's supportsInterface(bytes4)","","","uses less than 30k gas [skip-on-coverage]",""
"passed","Fri Apr 08 00:47:53 GMT 2022","Fri Apr 08 00:47:56 GMT 2022","3734","Contract: ERC20Burnable","burnFrom","on success > for a zero amount","","","emits a transfer event",""
"passed","Fri Apr 08 00:48:14 GMT 2022","Fri Apr 08 00:48:17 GMT 2022","3441","Contract: ERC20Burnable","burnFrom","when the given amount is greater than the allowance","","","reverts",""
"passed","Fri Apr 08 01:00:49 GMT 2022","Fri Apr 08 01:00:53 GMT 2022","3318","Contract: ERC721","with minted tokens","transfers > via safeTransferFrom > without data > to a user account > when called by the approved individual","","","adjusts owners tokens by index",""
"passed","Fri Apr 08 00:56:39 GMT 2022","Fri Apr 08 00:56:40 GMT 2022","1350","Contract: SafeCast","toInt256","","","","reverts when casting UINT256_MAX (115792089237316195423570985008687907853269984665640564039457584007913129639935)",""
"passed","Fri Apr 08 01:02:14 GMT 2022","Fri Apr 08 01:02:18 GMT 2022","4223","Contract: ERC721Enumerable","with minted tokens","transfers > via safeTransferFrom > without data > to a valid receiver contract > when called by the owner","","","transfers the ownership of the given token ID to the given address",""
"passed","Fri Apr 08 00:55:46 GMT 2022","Fri Apr 08 00:55:48 GMT 2022","2370","Contract: EnumerableMap","set","","","","updates values for keys already in the set",""
"passed","Fri Apr 08 00:46:25 GMT 2022","Fri Apr 08 00:46:37 GMT 2022","11612","Contract: ERC1155Holder","","","","","receives ERC1155 tokens from a multiple IDs",""
"passed","Fri Apr 08 00:49:17 GMT 2022","Fri Apr 08 00:49:27 GMT 2022","9852","Contract: ERC1155","like an ERC1155","safeBatchTransferFrom > when sending to a valid receiver > without data","","","debits transferred balances from sender",""
"passed","Fri Apr 08 00:51:15 GMT 2022","Fri Apr 08 00:51:20 GMT 2022","4433","Contract: SafeERC20","with token that returns no boolean values","approvals > with non-zero allowance","","","reverts when approving a non-zero allowance",""
"passed","Fri Apr 08 00:52:35 GMT 2022","Fri Apr 08 00:52:40 GMT 2022","5418","Contract: ERC721Enumerable","with minted tokens","transfers > via transferFrom > when called by the operator","","","emits a Transfer event",""
"passed","Fri Apr 08 00:54:53 GMT 2022","Fri Apr 08 00:54:56 GMT 2022","2305","Contract: MulticallToken","","","","","batches function calls",""
"passed","Fri Apr 08 00:44:39 GMT 2022","Fri Apr 08 00:44:39 GMT 2022","245","Contract: ERC1967Proxy","initialization with parameters","reverting initialization","","","reverts",""
"passed","Fri Apr 08 00:43:13 GMT 2022","Fri Apr 08 00:43:19 GMT 2022","5570","Contract: PaymentSplitter","once deployed","release > Token","","","reverts if non-payee want to claim",""
"passed","Fri Apr 08 00:46:21 GMT 2022","Fri Apr 08 00:46:35 GMT 2022","13980","Contract: GovernorTimelockCompound","Contract interface","GovernorTimelock > timelock()","","","has to be implemented",""
"passed","Fri Apr 08 00:44:49 GMT 2022","Fri Apr 08 00:44:52 GMT 2022","2760","Contract: Initializable","complex testing with inheritance","","","","initializes father",""
"passed","Fri Apr 08 00:46:06 GMT 2022","Fri Apr 08 00:46:10 GMT 2022","4122","Contract: ERC1155Pausable","when token is paused","","","","reverts when trying to mintBatch",""
"broken","Fri Apr 08 00:45:33 GMT 2022","Fri Apr 08 00:45:33 GMT 2022","0","tests.brownie.token.tests","test_approve","","","","test_initial_approval_is_zero[3]",""
"passed","Fri Apr 08 00:47:21 GMT 2022","Fri Apr 08 00:47:22 GMT 2022","1445","Contract: TransparentUpgradeableProxy","storage","","","","should store the admin proxy in specified location",""
"passed","Fri Apr 08 01:01:33 GMT 2022","Fri Apr 08 01:01:37 GMT 2022","3703","Contract: ERC721","with minted tokens","transfers > via safeTransferFrom > without data > to a user account > when called by the owner without an approved user","","","adjusts owners tokens by index",""
"passed","Fri Apr 08 00:44:59 GMT 2022","Fri Apr 08 00:45:01 GMT 2022","2082","Contract: UUPSUpgradeable","","","","","reject upgrade to broken upgradeable implementation",""
"passed","Fri Apr 08 00:52:30 GMT 2022","Fri Apr 08 00:52:31 GMT 2022","1291","Contract: ERC721PresetMinterPauserAutoId","Contract interface","ERC721Enumerable > tokenByIndex(uint256)","","","has to be implemented",""
"passed","Fri Apr 08 01:06:33 GMT 2022","Fri Apr 08 01:06:35 GMT 2022","2498","Contract: ERC721Enumerable","with minted tokens","getApproved > when token has been minted  > when account has been approved","","","returns approved account",""
"passed","Fri Apr 08 00:56:50 GMT 2022","Fri Apr 08 00:56:51 GMT 2022","1510","Contract: EnumerableSet","EnumerableUintSet","remove","","","returns false when removing values not in the set",""
"passed","Fri Apr 08 00:56:57 GMT 2022","Fri Apr 08 00:57:01 GMT 2022","4158","Contract: ERC721","with minted tokens","transfers > via safeTransferFrom > with data > to a user account > when sent to the owner","","","keeps ownership of the token",""
"passed","Fri Apr 08 00:52:45 GMT 2022","Fri Apr 08 00:52:53 GMT 2022","7843","Contract: ERC721Enumerable","with minted tokens","transfers > via transferFrom > when called by the operator","","","emits an Approval event",""
"passed","Fri Apr 08 01:05:26 GMT 2022","Fri Apr 08 01:05:28 GMT 2022","2536","Contract: ERC721","with minted tokens","approve > when clearing approval > when there was no prior approval","","","clears approval for the token",""
"passed","Fri Apr 08 00:45:31 GMT 2022","Fri Apr 08 00:45:37 GMT 2022","6361","Contract: ERC1155Pausable","when token is paused","","","","reverts when trying to safeTransferFrom from holder",""
"passed","Fri Apr 08 01:05:26 GMT 2022","Fri Apr 08 01:05:28 GMT 2022","2513","Contract: ERC721Enumerable","with minted tokens","approve > when clearing approval > when there was no prior approval","","","emits an approval event",""
"passed","Fri Apr 08 00:54:56 GMT 2022","Fri Apr 08 00:54:59 GMT 2022","2529","Contract: SafeMath","with default revert message","sub","","","subtracts correctly",""
"passed","Fri Apr 08 00:47:47 GMT 2022","Fri Apr 08 00:47:55 GMT 2022","7813","Contract: TransparentUpgradeableProxy","regression","","","","should remove function",""
"passed","Fri Apr 08 00:54:15 GMT 2022","Fri Apr 08 00:54:16 GMT 2022","1308","Contract: SafeCast","toUint8","","","","downcasts 0",""
"skipped","Fri Apr 08 00:42:53 GMT 2022","Fri Apr 08 00:42:53 GMT 2022","1","Contract: GovernorVotesQuorumFraction","","","","","deployment check",""
"passed","Fri Apr 08 01:01:42 GMT 2022","Fri Apr 08 01:01:46 GMT 2022","3340","Contract: ERC721Enumerable","with minted tokens","transfers > via safeTransferFrom > without data > to a user account > when sent to the owner","","","emits only a transfer event",""
"passed","Fri Apr 08 01:03:32 GMT 2022","Fri Apr 08 01:03:37 GMT 2022","4564","Contract: ERC721Enumerable","with minted tokens","transfers > via safeTransferFrom > without data > to a valid receiver contract > when called by the owner without an approved user","","","transfers the ownership of the given token ID to the given address",""
"passed","Fri Apr 08 00:49:09 GMT 2022","Fri Apr 08 00:49:09 GMT 2022","51","Contract: ERC20PresetFixedSupply","","","","","total supply is equal to initial supply",""
"passed","Fri Apr 08 01:00:39 GMT 2022","Fri Apr 08 01:00:43 GMT 2022","3450","Contract: ERC721","with minted tokens","transfers > via safeTransferFrom > without data > to a user account > when called by the approved individual","","","clears the approval for the token ID",""
"skipped","Fri Apr 08 00:48:24 GMT 2022","Fri Apr 08 00:48:24 GMT 2022","0","Contract: ERC20VotesComp","set delegation","call","","","delegation with balance",""
"passed","Fri Apr 08 00:52:02 GMT 2022","Fri Apr 08 00:52:10 GMT 2022","8667","Contract: ERC721Enumerable","with minted tokens","transfers > via transferFrom > when called by the approved individual","","","clears the approval for the token ID",""
"passed","Fri Apr 08 00:49:10 GMT 2022","Fri Apr 08 00:49:10 GMT 2022","48","Contract: ERC20PresetFixedSupply","burning","","","","decrements totalSupply",""
"broken","Fri Apr 08 00:50:09 GMT 2022","Fri Apr 08 00:50:31 GMT 2022","22096","Contract: GovernorTimelockCompound","transfer timelock to new governor","using workflow","","","run",""
"passed","Fri Apr 08 00:45:43 GMT 2022","Fri Apr 08 00:45:49 GMT 2022","5904","Contract: ERC1155Supply","after mint","single","","","totalSupply",""
"passed","Fri Apr 08 00:42:44 GMT 2022","Fri Apr 08 00:42:47 GMT 2022","2371","Contract: PaymentSplitter","once deployed","","","","has total shares",""
"passed","Fri Apr 08 01:06:38 GMT 2022","Fri Apr 08 01:06:40 GMT 2022","1954","Contract: ERC721Enumerable","_mint(address, uint256)","with minted token","","","creates the token",""
"passed","Fri Apr 08 00:54:21 GMT 2022","Fri Apr 08 00:54:22 GMT 2022","1144","Contract: SafeCast","toUint16","","","","downcasts 0",""
"passed","Fri Apr 08 00:44:52 GMT 2022","Fri Apr 08 00:45:01 GMT 2022","9031","Contract: Governor","Contract interface","Governor > state(uint256)","","","has to be implemented",""
"passed","Fri Apr 08 00:53:05 GMT 2022","Fri Apr 08 00:53:06 GMT 2022","1085","Contract: Create2","deploy","","","","fails deploying a contract if factory contract does not have sufficient balance",""
"passed","Fri Apr 08 00:54:40 GMT 2022","Fri Apr 08 00:54:42 GMT 2022","1425","Contract: SafeMath","with flag","mul","","","reverts on multiplication overflow",""
"passed","Fri Apr 08 00:54:13 GMT 2022","Fri Apr 08 00:54:15 GMT 2022","1431","Contract: Math","max","","","","is correctly detected in second argument position",""
"passed","Fri Apr 08 00:42:53 GMT 2022","Fri Apr 08 00:43:12 GMT 2022","18561","Contract: GovernorVotesQuorumFraction","quroum not reached","","","","run",""
"passed","Fri Apr 08 00:49:34 GMT 2022","Fri Apr 08 00:49:35 GMT 2022","1175","Contract: SafeERC20","with address that has no contract code","","","","reverts on transferFrom",""
"passed","Fri Apr 08 00:48:15 GMT 2022","Fri Apr 08 00:48:22 GMT 2022","6440","Contract: TransparentUpgradeableProxy","regression","","","","should remove fallback function",""
"passed","Fri Apr 08 00:53:05 GMT 2022","Fri Apr 08 00:53:07 GMT 2022","2326","Contract: Counters","reset","non null counter","","","reset to 0",""
"passed","Fri Apr 08 00:55:43 GMT 2022","Fri Apr 08 00:55:46 GMT 2022","3534","Contract: EnumerableMap","set","","","","returns false when adding keys already in the set",""
"passed","Fri Apr 08 00:46:14 GMT 2022","Fri Apr 08 00:46:20 GMT 2022","6802","Contract: ERC1155Pausable","when token is paused","","","","reverts when trying to burnBatch",""
"passed","Fri Apr 08 01:01:16 GMT 2022","Fri Apr 08 01:01:20 GMT 2022","3770","Contract: ERC721Enumerable","with minted tokens","transfers > via safeTransferFrom > without data > to a user account > when called by the owner without an approved user","","","emits a Transfer event",""
"broken","Fri Apr 08 00:44:12 GMT 2022","Fri Apr 08 00:44:13 GMT 2022","399","Ethers.js","","","","","testSigningMessages",""
"passed","Fri Apr 08 00:43:00 GMT 2022","Fri Apr 08 00:43:03 GMT 2022","2607","Contract: PaymentSplitter","once deployed","release > Ether","","","reverts if no funds to claim",""
"passed","Fri Apr 08 01:06:59 GMT 2022","Fri Apr 08 01:07:01 GMT 2022","1403","Contract: ERC721Enumerable","metadata","","","","has a name",""
"passed","Fri Apr 08 00:51:16 GMT 2022","Fri Apr 08 00:51:20 GMT 2022","3574","Contract: ERC1155","internal functions","_mint > with minted tokens","","","emits a TransferSingle event",""
"passed","Fri Apr 08 00:42:43 GMT 2022","Fri Apr 08 00:42:44 GMT 2022","1244","Contract: Ownable","","","","","has an owner",""
"passed","Fri Apr 08 00:43:50 GMT 2022","Fri Apr 08 00:43:52 GMT 2022","1481","Contract: MinimalForwarder","with message","verify > invalid signature","","","tampered value",""
"passed","Fri Apr 08 00:52:28 GMT 2022","Fri Apr 08 00:52:30 GMT 2022","1240","Contract: Arrays","findUpperBound","Odd number of elements","","","returns correct index for the basic case",""
"skipped","Fri Apr 08 00:44:28 GMT 2022","Fri Apr 08 00:44:28 GMT 2022","0","Contract: ERC1967Proxy","initialization with parameters","payable > when not sending balance","","","sets the implementation address",""
"passed","Fri Apr 08 00:47:19 GMT 2022","Fri Apr 08 00:47:25 GMT 2022","5713","Contract: ERC1155","like an ERC1155","safeTransferFrom > when sending to a valid receiver > without data","","","credits transferred balance to receiver",""
"broken","Fri Apr 08 00:50:10 GMT 2022","Fri Apr 08 00:50:33 GMT 2022","23004","Contract: GovernorTimelockControl","re-queue / re-execute","","","","run",""
"passed","Fri Apr 08 00:55:55 GMT 2022","Fri Apr 08 00:56:09 GMT 2022","14064","Contract: ERC721Enumerable","with minted tokens","transfers > via safeTransferFrom > with data > to a user account > when called by the operator","","","transfers the ownership of the given token ID to the given address",""
"passed","Fri Apr 08 00:45:24 GMT 2022","Fri Apr 08 00:45:27 GMT 2022","3019","Contract: ERC1155","like an ERC1155","balanceOf > when accounts own some tokens","","","returns the amount of tokens owned by the given addresses",""
"passed","Fri Apr 08 00:50:05 GMT 2022","Fri Apr 08 00:50:10 GMT 2022","5670","Contract: ERC1155","like an ERC1155","safeBatchTransferFrom > when sending to a valid receiver > with data","","","calls onERC1155Received",""
"passed","Fri Apr 08 00:57:35 GMT 2022","Fri Apr 08 00:57:39 GMT 2022","4698","Contract: ERC721Enumerable","with minted tokens","transfers > via safeTransferFrom > with data > to a valid receiver contract > when called by the owner","","","transfers the ownership of the given token ID to the given address",""
"passed","Fri Apr 08 00:51:09 GMT 2022","Fri Apr 08 00:51:12 GMT 2022","3226","Contract: ERC721Pausable","when token is paused","","","","reverts when trying to mint",""
"skipped","Fri Apr 08 00:44:21 GMT 2022","Fri Apr 08 00:44:21 GMT 2022","0","Contract: ERC1967Proxy","initialization without parameters","payable > when not sending balance","","","sets the implementation address",""
"skipped","Fri Apr 08 00:44:29 GMT 2022","Fri Apr 08 00:44:29 GMT 2022","0","Contract: TransparentUpgradeableProxy","without initialization","when not sending balance","","","sets the implementation address",""
"passed","Fri Apr 08 01:05:18 GMT 2022","Fri Apr 08 01:05:21 GMT 2022","2767","Contract: ERC721Enumerable","with minted tokens","safe mint > via safeMint > to a receiver contract that panics","","","reverts",""
"passed","Fri Apr 08 00:50:31 GMT 2022","Fri Apr 08 00:50:36 GMT 2022","5051","Contract: ERC20","erc20 behaviour","transfer > when the recipient is the zero address","","","reverts",""
"passed","Fri Apr 08 00:44:02 GMT 2022","Fri Apr 08 00:44:11 GMT 2022","8446","Contract: GovernorTimelockControl","Contract interface","Governor > version()","","","has to be implemented",""
"passed","Fri Apr 08 00:45:33 GMT 2022","Fri Apr 08 00:45:37 GMT 2022","4482","Contract: ERC1155","like an ERC1155","balanceOfBatch > when accounts own some tokens","","","returns amounts owned by each account in order passed",""
"passed","Fri Apr 08 01:01:51 GMT 2022","Fri Apr 08 01:01:55 GMT 2022","3129","Contract: ERC721","with minted tokens","transfers > via safeTransferFrom > without data > to a user account > when sent to the owner","","","keeps same tokens by index",""
"passed","Fri Apr 08 00:55:02 GMT 2022","Fri Apr 08 00:55:04 GMT 2022","2057","Contract: SafeMath","with default revert message","mul","","","multiplies correctly",""
"passed","Fri Apr 08 00:55:39 GMT 2022","Fri Apr 08 00:55:40 GMT 2022","1233","Contract: SafeCast","toInt16","","","","downcasts 1",""
"passed","Fri Apr 08 00:44:00 GMT 2022","Fri Apr 08 00:44:01 GMT 2022","1601","Contract: MinimalForwarder","with message","execute > invalid signature","","","tampered value",""
"passed","Fri Apr 08 00:53:19 GMT 2022","Fri Apr 08 00:53:21 GMT 2022","2038","Contract: RefundEscrow","once deployed","","","","only the owner can enter refund state",""
"skipped","Fri Apr 08 00:43:14 GMT 2022","Fri Apr 08 00:43:14 GMT 2022","0","Contract: TimelockController","methods","simple > schedule","","","enforce minimum delay",""
"passed","Fri Apr 08 00:54:26 GMT 2022","Fri Apr 08 00:54:28 GMT 2022","2183","Contract: SafeMath","with flag","add","","","adds correctly",""
"passed","Fri Apr 08 00:57:17 GMT 2022","Fri Apr 08 00:57:19 GMT 2022","2964","Contract: ERC721Enumerable","with minted tokens","transfers > via safeTransferFrom > with data > to a user account > when the sender is not authorized for the token id","","","reverts",""
"passed","Fri Apr 08 00:50:46 GMT 2022","Fri Apr 08 00:50:53 GMT 2022","6702","Contract: ERC721Enumerable","with minted tokens","balanceOf > when querying the zero address","","","throws",""
"passed","Fri Apr 08 01:05:45 GMT 2022","Fri Apr 08 01:05:48 GMT 2022","2987","Contract: ERC721Enumerable","with minted tokens","approve > when approving a non-zero address > when there was a prior approval to a different address","","","sets the approval for the target address",""
"passed","Fri Apr 08 00:56:21 GMT 2022","Fri Apr 08 00:56:27 GMT 2022","6783","Contract: ERC721Enumerable","with minted tokens","transfers > via safeTransferFrom > with data > to a user account > when called by the operator","","","adjusts owners balances",""
"broken","Fri Apr 08 00:43:50 GMT 2022","Fri Apr 08 00:43:53 GMT 2022","2704","Contract: ERC2771Context","when receiving a relayed call","msgData","","","returns the relayed transaction original data",""
"passed","Fri Apr 08 01:01:23 GMT 2022","Fri Apr 08 01:01:27 GMT 2022","3708","Contract: ERC721Enumerable","with minted tokens","transfers > via safeTransferFrom > without data > to a user account > when called by the owner without an approved user","","","emits an Approval event",""
"passed","Fri Apr 08 00:44:27 GMT 2022","Fri Apr 08 00:44:40 GMT 2022","13272","Contract: Governor","Contract interface","Governor > COUNTING_MODE()","","","has to be implemented",""
"passed","Fri Apr 08 00:53:15 GMT 2022","Fri Apr 08 00:53:16 GMT 2022","1296","Contract: ECDSA","recover with valid signature","with v1 signature","","","works with short EIP2098 format",""
"passed","Fri Apr 08 00:52:28 GMT 2022","Fri Apr 08 00:52:35 GMT 2022","6571","Contract: ERC721Enumerable","with minted tokens","transfers > via transferFrom > when called by the operator","","","transfers the ownership of the given token ID to the given address",""
"passed","Fri Apr 08 00:57:57 GMT 2022","Fri Apr 08 00:58:02 GMT 2022","4985","Contract: ERC721Enumerable","with minted tokens","transfers > via safeTransferFrom > with data > to a valid receiver contract > when called by the owner","","","adjusts owners tokens by index",""
"passed","Fri Apr 08 00:55:05 GMT 2022","Fri Apr 08 00:55:06 GMT 2022","1102","Contract: SafeCast","toUint224","","","","downcasts 0",""
"passed","Fri Apr 08 00:46:14 GMT 2022","Fri Apr 08 00:46:19 GMT 2022","5280","Contract: TransparentUpgradeableProxy","upgradeToAndCall","with migrations > when the sender is the admin > when upgrading to V1","","","upgrades to the requested version and emits an event",""
"passed","Fri Apr 08 00:55:41 GMT 2022","Fri Apr 08 00:55:47 GMT 2022","5512","Contract: ERC721","with minted tokens","transfers > via safeTransferFrom > with data > to a user account > when called by the approved individual","","","emits an Approval event",""
"skipped","Fri Apr 08 00:43:14 GMT 2022","Fri Apr 08 00:43:14 GMT 2022","0","Contract: TimelockController","usage scenario","","","","call",""
"passed","Fri Apr 08 00:56:35 GMT 2022","Fri Apr 08 00:56:37 GMT 2022","1387","Contract: SafeCast","toInt256","","","","casts 1",""
"passed","Fri Apr 08 00:44:41 GMT 2022","Fri Apr 08 00:44:46 GMT 2022","4231","Contract: Clones","clone","initialization with parameters > payable > when sending some balance","","","has expected balance",""
"passed","Fri Apr 08 00:45:25 GMT 2022","Fri Apr 08 00:45:28 GMT 2022","2954","Contract: Pausable","when unpaused","when paused > unpausing > when unpaused","","","reverts when re-unpausing",""
"passed","Fri Apr 08 00:55:27 GMT 2022","Fri Apr 08 00:55:37 GMT 2022","9605","Contract: ERC721Enumerable","with minted tokens","transfers > via safeTransferFrom > with data > to a user account > when called by the approved individual","","","emits a Transfer event",""
"passed","Fri Apr 08 00:50:52 GMT 2022","Fri Apr 08 00:50:58 GMT 2022","5358","Contract: SafeERC20","with token that returns no boolean values","","","","doesn't revert on transferFrom",""
"passed","Fri Apr 08 00:51:05 GMT 2022","Fri Apr 08 00:51:06 GMT 2022","1263","Contract: ERC1155","like an ERC1155","Contract interface > ERC1155 > ERC165's supportsInterface(bytes4)","","","claims support [skip-on-coverage]",""
"passed","Fri Apr 08 00:56:16 GMT 2022","Fri Apr 08 00:56:21 GMT 2022","4114","Contract: ERC721Enumerable","with minted tokens","transfers > via safeTransferFrom > with data > to a user account > when called by the operator","","","emits an Approval event",""
"passed","Fri Apr 08 00:46:37 GMT 2022","Fri Apr 08 00:46:40 GMT 2022","3832","Contract: ERC1155Holder","Contract interface","ERC165 > ERC165's supportsInterface(bytes4)","","","uses less than 30k gas [skip-on-coverage]",""
"passed","Fri Apr 08 00:55:18 GMT 2022","Fri Apr 08 00:55:19 GMT 2022","1157","Contract: SafeCast","toUint256","","","","reverts when casting -1",""
"passed","Fri Apr 08 00:55:34 GMT 2022","Fri Apr 08 00:55:38 GMT 2022","4119","Contract: BitMap","setTo","","","","set a key to false",""
"passed","Fri Apr 08 00:43:24 GMT 2022","Fri Apr 08 00:43:26 GMT 2022","2558","Contract: AccessControl","renouncing","with granted role","","","only the sender can renounce their roles",""
"passed","Fri Apr 08 00:49:17 GMT 2022","Fri Apr 08 00:49:19 GMT 2022","1717","Contract: ERC20","_burn","for a non zero account > for entire balance","","","decrements totalSupply",""
"passed","Fri Apr 08 00:57:06 GMT 2022","Fri Apr 08 00:57:09 GMT 2022","3231","Contract: ERC721","with minted tokens","transfers > via safeTransferFrom > with data > to a user account > when sent to the owner","","","emits only a transfer event",""
"passed","Fri Apr 08 00:42:47 GMT 2022","Fri Apr 08 00:42:49 GMT 2022","1271","Contract: AccessControl","Contract interface","AccessControl > getRoleAdmin(bytes32)","","","has to be implemented",""
"passed","Fri Apr 08 00:56:34 GMT 2022","Fri Apr 08 00:56:39 GMT 2022","4199","Contract: ERC721Enumerable","with minted tokens","transfers > via safeTransferFrom > with data > to a user account > when called by the owner without an approved user","","","emits a Transfer event",""
"skipped","Fri Apr 08 00:48:27 GMT 2022","Fri Apr 08 00:48:27 GMT 2022","0","Contract: ERC20Votes","Compound test suite","getPastVotes","","","returns zero if < first checkpoint block",""
"passed","Fri Apr 08 00:50:10 GMT 2022","Fri Apr 08 00:50:14 GMT 2022","3926","Contract: SafeERC20","with token that returns true on all calls","approvals > with zero allowance","","","doesn't revert when approving a zero allowance",""
"skipped","Fri Apr 08 00:43:14 GMT 2022","Fri Apr 08 00:43:14 GMT 2022","0","Contract: TimelockController","","","","","initial state",""
"passed","Fri Apr 08 00:47:35 GMT 2022","Fri Apr 08 00:47:40 GMT 2022","5274","Contract: ERC20Burnable","burn","when the given amount is not greater than balance of the sender > for a non-zero amount","","","burns the requested amount",""
"skipped","Fri Apr 08 00:48:27 GMT 2022","Fri Apr 08 00:48:27 GMT 2022","0","Contract: ERC20Votes","set delegation","call","","","delegation without balance",""
"passed","Fri Apr 08 00:47:25 GMT 2022","Fri Apr 08 00:47:27 GMT 2022","2577","Contract: ERC1155PresetMinterPauser","pausing","","","","other accounts cannot unpause",""
"passed","Fri Apr 08 00:43:32 GMT 2022","Fri Apr 08 00:43:46 GMT 2022","14142","Contract: GovernorTimelockCompound","Contract interface","Governor > version()","","","has to be implemented",""
"passed","Fri Apr 08 00:49:32 GMT 2022","Fri Apr 08 00:49:37 GMT 2022","4728","Contract: ERC20","recover","","","","nothing to recover",""
"passed","Fri Apr 08 01:02:34 GMT 2022","Fri Apr 08 01:02:39 GMT 2022","4675","Contract: ERC721","with minted tokens","transfers > via safeTransferFrom > without data > to a valid receiver contract > when called by the owner","","","adjusts owners balances",""
"passed","Fri Apr 08 01:07:21 GMT 2022","Fri Apr 08 01:07:23 GMT 2022","2123","Contract: ERC721Enumerable","with minted tokens","tokenOfOwnerByIndex > when the given index is lower than the amount of tokens owned by the given address","","","returns the token ID placed at the given index",""
"passed","Fri Apr 08 01:05:48 GMT 2022","Fri Apr 08 01:05:50 GMT 2022","2909","Contract: ERC721","with minted tokens","approve > when approving a non-zero address > when there was a prior approval to a different address","","","sets the approval for the target address",""
"passed","Fri Apr 08 00:55:41 GMT 2022","Fri Apr 08 00:55:43 GMT 2022","1817","Contract: SafeCast","toInt16","","","","downcasts -2^15 (-32768)",""
"passed","Fri Apr 08 00:47:22 GMT 2022","Fri Apr 08 00:47:27 GMT 2022","4470","Contract: TransparentUpgradeableProxy","transparent proxy","","","","proxy admin cannot call delegated functions",""
"passed","Fri Apr 08 00:52:36 GMT 2022","Fri Apr 08 00:52:38 GMT 2022","1827","Contract: Counters","","","","","starts at zero",""
"passed","Fri Apr 08 00:50:05 GMT 2022","Fri Apr 08 00:50:10 GMT 2022","4513","Contract: SafeERC20","with token that returns true on all calls","approvals > with zero allowance","","","doesn't revert when approving a non-zero allowance",""
"passed","Fri Apr 08 00:51:43 GMT 2022","Fri Apr 08 00:51:48 GMT 2022","5124","Contract: ERC721Enumerable","with minted tokens","transfers > via transferFrom > when called by the owner","","","adjusts owners tokens by index",""
"passed","Fri Apr 08 01:05:53 GMT 2022","Fri Apr 08 01:05:55 GMT 2022","2084","Contract: ERC721Enumerable","with minted tokens","approve > when the sender does not own the given token ID","","","reverts",""
"skipped","Fri Apr 08 00:48:27 GMT 2022","Fri Apr 08 00:48:27 GMT 2022","0","Contract: ERC20Votes","getPastTotalSupply","","","","returns 0 if there are no checkpoints",""
"passed","Fri Apr 08 00:53:04 GMT 2022","Fri Apr 08 00:53:05 GMT 2022","1288","Contract: Create2","deploy","","","","fails deploying a contract if the bytecode length is zero",""
"passed","Fri Apr 08 00:45:54 GMT 2022","Fri Apr 08 00:46:02 GMT 2022","7744","Contract: ERC1155Pausable","when token is paused","","","","reverts when trying to safeBatchTransferFrom from operator",""
"passed","Fri Apr 08 00:57:39 GMT 2022","Fri Apr 08 00:57:43 GMT 2022","4662","Contract: ERC721","with minted tokens","transfers > via safeTransferFrom > with data > to a valid receiver contract > when called by the owner","","","transfers the ownership of the given token ID to the given address",""
"passed","Fri Apr 08 00:42:49 GMT 2022","Fri Apr 08 00:42:50 GMT 2022","1187","Contract: AccessControl","Contract interface","AccessControl > grantRole(bytes32,address)","","","has to be implemented",""
"passed","Fri Apr 08 00:56:05 GMT 2022","Fri Apr 08 00:56:07 GMT 2022","2717","Contract: SafeCast","toInt32","","","","reverts when downcasting 2^31 (2147483648)",""
"passed","Fri Apr 08 00:54:48 GMT 2022","Fri Apr 08 00:54:49 GMT 2022","1242","Contract: ERC165Checker","account address does not support ERC165","","","","does not support mock interface via supportsAllInterfaces",""
"passed","Fri Apr 08 00:53:12 GMT 2022","Fri Apr 08 00:53:16 GMT 2022","4540","Contract: ERC721","with minted tokens","transfers > via transferFrom > when called by the owner without an approved user","","","emits a Transfer event",""
"passed","Fri Apr 08 00:51:33 GMT 2022","Fri Apr 08 00:51:38 GMT 2022","5246","Contract: SafeERC20","with token that returns no boolean values","approvals > with non-zero allowance","","","doesn't revert when increasing the allowance",""
"passed","Fri Apr 08 00:47:54 GMT 2022","Fri Apr 08 00:47:58 GMT 2022","4599","Contract: ERC1155","like an ERC1155","safeTransferFrom > when sending to a valid receiver > with data","","","emits a TransferSingle log",""
"passed","Fri Apr 08 00:42:52 GMT 2022","Fri Apr 08 00:42:54 GMT 2022","1414","Contract: AccessControl","default admin","","","","deployer has default admin role",""
"passed","Fri Apr 08 00:49:23 GMT 2022","Fri Apr 08 00:49:44 GMT 2022","21513","Contract: GovernorTimelockControl","not queued","","","","run",""
"passed","Fri Apr 08 00:54:53 GMT 2022","Fri Apr 08 00:55:03 GMT 2022","9419","Contract: ERC721Enumerable","with minted tokens","transfers > via safeTransferFrom > with data > to a user account > when called by the owner","","","clears the approval for the token ID",""
"passed","Fri Apr 08 00:45:51 GMT 2022","Fri Apr 08 00:45:59 GMT 2022","8740","Contract: ERC1155Burnable","burnBatch","","","","approved operators can burn the holder's tokens",""
"passed","Fri Apr 08 01:04:14 GMT 2022","Fri Apr 08 01:04:19 GMT 2022","4725","Contract: ERC721Enumerable","with minted tokens","transfers > via safeTransferFrom > without data > to a valid receiver contract > when sent to the owner","","","keeps the owner balance",""
"skipped","Fri Apr 08 00:43:14 GMT 2022","Fri Apr 08 00:43:14 GMT 2022","0","Contract: TimelockController","methods","simple > schedule","","","proposer can schedule",""
"passed","Fri Apr 08 01:03:05 GMT 2022","Fri Apr 08 01:03:10 GMT 2022","4584","Contract: ERC721Enumerable","with minted tokens","transfers > via safeTransferFrom > without data > to a valid receiver contract > when called by the operator","","","transfers the ownership of the given token ID to the given address",""
"skipped","Fri Apr 08 00:43:14 GMT 2022","Fri Apr 08 00:43:14 GMT 2022","0","Contract: TimelockController","methods","batch > schedule","","","prevent non-proposer from commiting",""
"passed","Fri Apr 08 00:47:14 GMT 2022","Fri Apr 08 00:47:16 GMT 2022","2230","Contract: ERC20","transfer","when the recipient is not the zero address > when the sender transfers zero tokens","","","transfers the requested amount",""
"passed","Fri Apr 08 01:02:51 GMT 2022","Fri Apr 08 01:02:56 GMT 2022","4726","Contract: ERC721","with minted tokens","transfers > via safeTransferFrom > without data > to a valid receiver contract > when called by the approved individual","","","clears the approval for the token ID",""
"passed","Fri Apr 08 00:49:44 GMT 2022","Fri Apr 08 00:49:47 GMT 2022","2298","Contract: TokenTimelock","with token","","","","rejects a release time in the past",""
"passed","Fri Apr 08 00:45:49 GMT 2022","Fri Apr 08 00:45:53 GMT 2022","4843","Contract: ERC1155Supply","after mint","batch","","","exist",""
"passed","Fri Apr 08 01:01:41 GMT 2022","Fri Apr 08 01:01:44 GMT 2022","3248","Contract: ERC721","with minted tokens","transfers > via safeTransferFrom > without data > to a user account > when sent to the owner","","","clears the approval for the token ID",""
"passed","Fri Apr 08 01:02:04 GMT 2022","Fri Apr 08 01:02:09 GMT 2022","4536","Contract: ERC721Enumerable","with minted tokens","transfers > via safeTransferFrom > without data > to a valid receiver contract","","","calls onERC721Received",""
"passed","Fri Apr 08 00:52:15 GMT 2022","Fri Apr 08 00:52:18 GMT 2022","2646","Contract: ERC721PresetMinterPauserAutoId","Contract interface","ERC721 > isApprovedForAll(address,address)","","","has to be implemented",""
"broken","Fri Apr 08 00:45:34 GMT 2022","Fri Apr 08 00:45:34 GMT 2022","0","tests.brownie.token.tests","test_approve","","","","test_modify_approve",""
"passed","Fri Apr 08 00:48:29 GMT 2022","Fri Apr 08 00:48:30 GMT 2022","1340","Contract: ERC20Snapshot","totalSupplyAt","","","","reverts with a snapshot id of 0",""
"passed","Fri Apr 08 00:44:21 GMT 2022","Fri Apr 08 00:44:23 GMT 2022","2039","Contract: Clones","clone","initialization without parameters > payable > when sending some balance","","","has expected balance",""
"passed","Fri Apr 08 00:43:58 GMT 2022","Fri Apr 08 00:44:00 GMT 2022","1156","Contract: MinimalForwarder","with message","execute > invalid signature","","","tampered to",""
"passed","Fri Apr 08 00:53:13 GMT 2022","Fri Apr 08 00:53:13 GMT 2022","58","Contract: SignatureChecker (ERC1271)","ERC1271 wallet","","","","with invalid signature",""
"broken","Fri Apr 08 00:49:23 GMT 2022","Fri Apr 08 00:49:23 GMT 2022","1","Contract: GovernorTimelockControl","executed by other proposer","","","","""after each"" hook for ""run""",""
"passed","Fri Apr 08 00:52:42 GMT 2022","Fri Apr 08 00:52:43 GMT 2022","1422","Contract: ERC721PresetMinterPauserAutoId","Contract interface","AccessControl > renounceRole(bytes32,address)","","","has to be implemented",""
"passed","Fri Apr 08 00:55:03 GMT 2022","Fri Apr 08 00:55:05 GMT 2022","1549","Contract: MulticallToken","","","","","reverts previous calls",""
"passed","Fri Apr 08 01:03:33 GMT 2022","Fri Apr 08 01:03:37 GMT 2022","4240","Contract: ERC721","with minted tokens","transfers > via safeTransferFrom > without data > to a valid receiver contract > when called by the operator","","","adjusts owners tokens by index",""
"passed","Fri Apr 08 00:45:25 GMT 2022","Fri Apr 08 00:45:28 GMT 2022","2966","Contract: Clones","cloneDeterministic","initialization with parameters > payable > when sending some balance","","","initializes the proxy",""
"passed","Fri Apr 08 00:52:30 GMT 2022","Fri Apr 08 00:52:31 GMT 2022","1637","Contract: Arrays","findUpperBound","Odd number of elements","","","returns 0 for the first element",""
"passed","Fri Apr 08 00:54:49 GMT 2022","Fri Apr 08 00:54:51 GMT 2022","1544","Contract: SafeCast","toUint96","","","","downcasts 1",""
"passed","Fri Apr 08 00:47:11 GMT 2022","Fri Apr 08 00:47:14 GMT 2022","3146","Contract: ERC20","transfer","when the recipient is not the zero address > when the sender transfers all balance","","","emits a transfer event",""
"passed","Fri Apr 08 00:56:19 GMT 2022","Fri Apr 08 00:56:21 GMT 2022","1215","Contract: SafeCast","toInt64","","","","reverts when downcasting 2^63 + 1 (9223372036854775809)",""
"passed","Fri Apr 08 00:54:04 GMT 2022","Fri Apr 08 00:54:14 GMT 2022","10424","Contract: RefundEscrow","once deployed","refund state","","","refunds refundees",""
"passed","Fri Apr 08 00:46:41 GMT 2022","Fri Apr 08 00:46:47 GMT 2022","5440","Contract: ERC1155","like an ERC1155","safeTransferFrom > when called by an operator on behalf of the multiTokenHolder > when operator is approved by multiTokenHolder","","","debits transferred balance from sender",""
"passed","Fri Apr 08 00:55:33 GMT 2022","Fri Apr 08 00:55:35 GMT 2022","2037","Contract: SafeCast","toInt8","","","","reverts when downcasting 2^7 (128)",""
"passed","Fri Apr 08 00:49:45 GMT 2022","Fri Apr 08 00:49:48 GMT 2022","3288","Contract: ERC20","_transfer","when the recipient is the zero address","","","reverts",""
"passed","Fri Apr 08 00:49:46 GMT 2022","Fri Apr 08 00:49:51 GMT 2022","5088","Contract: SafeERC20","with token that returns false on all calls","","","","reverts on approve",""
"skipped","Fri Apr 08 00:43:14 GMT 2022","Fri Apr 08 00:43:14 GMT 2022","0","Contract: TimelockController","methods","operation hashing","","","hashOperation",""
"passed","Fri Apr 08 00:45:30 GMT 2022","Fri Apr 08 00:45:31 GMT 2022","1172","Contract: TransparentUpgradeableProxy","implementation","","","","returns the current implementation address",""
"broken","Fri Apr 08 00:50:08 GMT 2022","Fri Apr 08 00:50:12 GMT 2022","3940","Contract: TokenTimelock","with token","once deployed","","","cannot be released twice",""
"passed","Fri Apr 08 00:55:15 GMT 2022","Fri Apr 08 00:55:18 GMT 2022","2311","Contract: SafeMath","with default revert message","mod > modulos correctly","","","when the dividend is smaller than the divisor",""
"passed","Fri Apr 08 00:46:35 GMT 2022","Fri Apr 08 00:46:44 GMT 2022","9119","Contract: GovernorTimelockCompound","Contract interface","GovernorTimelock > proposalEta(uint256)","","","has to be implemented",""
"broken","Fri Apr 08 00:43:55 GMT 2022","Fri Apr 08 00:43:57 GMT 2022","1374","Contract: MinimalForwarder","with message","execute > valid signature","","","success",""
"passed","Fri Apr 08 00:47:45 GMT 2022","Fri Apr 08 00:47:47 GMT 2022","2097","Contract: ERC20","transfer from","when the token owner is not the zero address > when the recipient is the zero address","","","reverts",""
"passed","Fri Apr 08 01:00:57 GMT 2022","Fri Apr 08 01:01:01 GMT 2022","3548","Contract: ERC721Enumerable","with minted tokens","transfers > via safeTransferFrom > without data > to a user account > when called by the operator","","","clears the approval for the token ID",""
"passed","Fri Apr 08 00:59:45 GMT 2022","Fri Apr 08 00:59:50 GMT 2022","4620","Contract: ERC721Enumerable","with minted tokens","transfers > via safeTransferFrom > with data > to a valid receiver contract > when sent to the owner","","","keeps same tokens by index",""
"passed","Fri Apr 08 00:48:49 GMT 2022","Fri Apr 08 00:48:52 GMT 2022","2634","Contract: ERC20","increase allowance","when the spender is not the zero address > when the sender has enough balance > when there was no approved amount before","","","approves the requested amount",""
"passed","Fri Apr 08 00:44:51 GMT 2022","Fri Apr 08 00:44:55 GMT 2022","3696","Contract: ProxyAdmin","#upgrade","with authorized account","","","upgrades implementation",""
"passed","Fri Apr 08 00:49:15 GMT 2022","Fri Apr 08 00:49:17 GMT 2022","1614","Contract: ERC20","_burn","for a non zero account","","","rejects burning more than balance",""
"passed","Fri Apr 08 00:46:13 GMT 2022","Fri Apr 08 00:46:20 GMT 2022","6701","Contract: ERC1155","like an ERC1155","safeTransferFrom > when called by the multiTokenHolder","","","credits transferred balance to receiver",""
"passed","Fri Apr 08 00:45:00 GMT 2022","Fri Apr 08 00:45:03 GMT 2022","3072","Contract: Clones","cloneDeterministic","initialization without parameters > payable > when not sending balance","","","initializes the proxy",""
"passed","Fri Apr 08 00:53:03 GMT 2022","Fri Apr 08 00:53:06 GMT 2022","2895","Contract: ERC721PresetMinterPauserAutoId","pausing","","","","deployer can unpause",""
"passed","Fri Apr 08 00:51:37 GMT 2022","Fri Apr 08 00:51:40 GMT 2022","3044","Contract: ERC721Pausable","when token is paused","exists","","","returns token existence",""
"passed","Fri Apr 08 01:07:50 GMT 2022","Fri Apr 08 01:07:53 GMT 2022","2344","Contract: ERC721Enumerable","_burn","with minted tokens > with burnt token","","","removes that token from the token list of the owner",""
"passed","Fri Apr 08 00:55:19 GMT 2022","Fri Apr 08 00:55:21 GMT 2022","1616","Contract: Strings","from uint256 - fixed hex format","","","","converts a positive number (long)",""
"passed","Fri Apr 08 00:52:50 GMT 2022","Fri Apr 08 00:52:52 GMT 2022","2242","Contract: ECDSA","recover with invalid signature","","","","with short signature",""
"passed","Fri Apr 08 00:45:19 GMT 2022","Fri Apr 08 00:45:26 GMT 2022","7522","Contract: Governor","Contract interface","Governor > votingDelay()","","","has to be implemented",""
"passed","Fri Apr 08 00:53:48 GMT 2022","Fri Apr 08 00:53:52 GMT 2022","3853","Contract: ERC721","with minted tokens","transfers > via transferFrom > when sent to the owner","","","keeps ownership of the token",""
"failed","Fri Apr 08 00:53:03 GMT 2022","Fri Apr 08 00:53:05 GMT 2022","2144","Contract: Address","functionCall","with valid contract receiver","","","reverts when the called function runs out of gas",""
"passed","Fri Apr 08 01:06:48 GMT 2022","Fri Apr 08 01:06:51 GMT 2022","2586","Contract: ERC721","_burn","with minted tokens > with burnt token","","","emits an Approval event",""
"passed","Fri Apr 08 00:48:43 GMT 2022","Fri Apr 08 00:48:48 GMT 2022","4975","Contract: ERC20","","","","","has underlying",""
"passed","Fri Apr 08 00:42:44 GMT 2022","Fri Apr 08 00:42:44 GMT 2022","148","Contract: PaymentSplitter","","","","","rejects more payees than shares",""
"passed","Fri Apr 08 00:51:08 GMT 2022","Fri Apr 08 00:51:10 GMT 2022","1578","Contract: ERC1155","like an ERC1155","Contract interface > ERC1155 > setApprovalForAll(address,bool)","","","has to be implemented",""
"passed","Fri Apr 08 00:49:08 GMT 2022","Fri Apr 08 00:49:13 GMT 2022","4327","Contract: ERC1155","like an ERC1155","safeBatchTransferFrom > when called by an operator on behalf of the multiTokenHolder > when operator is approved by multiTokenHolder","","","emits a TransferBatch log",""
"passed","Fri Apr 08 00:54:47 GMT 2022","Fri Apr 08 00:54:48 GMT 2022","1243","Contract: SafeMath","with flag","mod","","","reverts with a 0 divisor",""
"passed","Fri Apr 08 01:04:09 GMT 2022","Fri Apr 08 01:04:14 GMT 2022","4575","Contract: ERC721","with minted tokens","transfers > via safeTransferFrom > without data > to a valid receiver contract > when sent to the owner","","","clears the approval for the token ID",""
"passed","Fri Apr 08 00:47:02 GMT 2022","Fri Apr 08 00:47:11 GMT 2022","8864","Contract: ERC20","transfer","when the recipient is not the zero address > when the sender transfers all balance","","","transfers the requested amount",""
"passed","Fri Apr 08 00:51:00 GMT 2022","Fri Apr 08 00:51:03 GMT 2022","3063","Contract: ERC1155","like an ERC1155","Contract interface > ERC165 > supportsInterface(bytes4)","","","has to be implemented",""
"passed","Fri Apr 08 01:06:33 GMT 2022","Fri Apr 08 01:06:36 GMT 2022","2124","Contract: ERC721","with minted tokens","getApproved > when token has been minted ","","","should return the zero address",""
"skipped","Fri Apr 08 00:48:27 GMT 2022","Fri Apr 08 00:48:27 GMT 2022","0","Contract: ERC20Votes","Compound test suite","getPastVotes","","","generally returns the voting balance at the appropriate checkpoint",""
"passed","Fri Apr 08 00:52:48 GMT 2022","Fri Apr 08 00:52:49 GMT 2022","1766","Contract: ERC721PresetMinterPauserAutoId","Contract interface","AccessControlEnumerable > getRoleMemberCount(bytes32)","","","has to be implemented",""
"passed","Fri Apr 08 00:44:16 GMT 2022","Fri Apr 08 00:44:19 GMT 2022","2751","Contract: BeaconProxy","initialization","","","","non-payable initialization",""
"passed","Fri Apr 08 00:52:18 GMT 2022","Fri Apr 08 00:52:20 GMT 2022","2348","Contract: ERC721PresetMinterPauserAutoId","Contract interface","ERC721 > transferFrom(address,address,uint256)","","","has to be implemented",""
"passed","Fri Apr 08 00:52:59 GMT 2022","Fri Apr 08 00:53:04 GMT 2022","4965","Contract: Create2","deploy","","","","fails deploying a contract in an existent address",""
"passed","Fri Apr 08 00:46:47 GMT 2022","Fri Apr 08 00:46:52 GMT 2022","5309","Contract: ERC1155","like an ERC1155","safeTransferFrom > when called by an operator on behalf of the multiTokenHolder > when operator is approved by multiTokenHolder","","","credits transferred balance to receiver",""
"broken","Fri Apr 08 00:45:31 GMT 2022","Fri Apr 08 00:45:32 GMT 2022","990","tests.brownie","test_brownie","","","","test_brownie_deploy",""
"passed","Fri Apr 08 00:51:55 GMT 2022","Fri Apr 08 00:51:58 GMT 2022","3561","Contract: ERC721URIStorage","token URI","","","","base URI can be set",""
"passed","Fri Apr 08 00:47:32 GMT 2022","Fri Apr 08 00:47:35 GMT 2022","2097","Contract: ERC20Burnable","burn","when the given amount is not greater than balance of the sender > for a zero amount","","","emits a transfer event",""
"passed","Fri Apr 08 00:53:34 GMT 2022","Fri Apr 08 00:53:39 GMT 2022","5378","Contract: RefundEscrow","once deployed","closed state","","","rejects deposits",""
"passed","Fri Apr 08 01:01:22 GMT 2022","Fri Apr 08 01:01:26 GMT 2022","3870","Contract: ERC721","with minted tokens","transfers > via safeTransferFrom > without data > to a user account > when called by the owner without an approved user","","","clears the approval for the token ID",""
"passed","Fri Apr 08 00:53:20 GMT 2022","Fri Apr 08 00:53:22 GMT 2022","1996","Contract: Escrow","as an escrow","deposits","","","emits a deposited event",""
"passed","Fri Apr 08 00:43:57 GMT 2022","Fri Apr 08 00:43:58 GMT 2022","1656","Contract: MinimalForwarder","with message","execute > invalid signature","","","tampered from",""
"passed","Fri Apr 08 00:55:28 GMT 2022","Fri Apr 08 00:55:33 GMT 2022","4567","Contract: StorageSlot","uint256 storage slot","","","","set",""
"passed","Fri Apr 08 00:53:14 GMT 2022","Fri Apr 08 00:53:18 GMT 2022","4533","Contract: ERC721Enumerable","with minted tokens","transfers > via transferFrom > when called by the owner without an approved user","","","emits a Transfer event",""
"broken","Fri Apr 08 00:45:33 GMT 2022","Fri Apr 08 00:45:33 GMT 2022","0","tests.brownie.token.tests","test_approve","","","","test_approve",""
"skipped","Fri Apr 08 00:43:14 GMT 2022","Fri Apr 08 00:43:14 GMT 2022","0","Contract: TimelockController","usage scenario","","","","call out of gas",""
"passed","Fri Apr 08 00:47:43 GMT 2022","Fri Apr 08 00:47:45 GMT 2022","1999","Contract: ERC20","transfer from","when the token owner is not the zero address > when the recipient is not the zero address > when the spender does not have enough approved balance > when the token owner does not have enough balance","","","reverts",""
"passed","Fri Apr 08 00:43:59 GMT 2022","Fri Apr 08 00:44:01 GMT 2022","2705","Contract: AccessControl","onlyRole modifier","","","","revert if sender doesn't have role #1",""
"passed","Fri Apr 08 00:47:22 GMT 2022","Fri Apr 08 00:47:26 GMT 2022","4237","Contract: ERC20","transfer from","when the token owner is not the zero address > when the recipient is not the zero address > when the spender has enough approved balance > when the token owner has enough balance","","","decreases the spender allowance",""
"passed","Fri Apr 08 00:49:26 GMT 2022","Fri Apr 08 00:49:29 GMT 2022","3030","Contract: ERC20PresetMinterPauser","minting","","","","other accounts cannot mint tokens",""
"passed","Fri Apr 08 00:56:19 GMT 2022","Fri Apr 08 00:56:21 GMT 2022","2021","Contract: EnumerableMap","read","get with message","","","missing value",""
"passed","Fri Apr 08 00:55:23 GMT 2022","Fri Apr 08 00:55:25 GMT 2022","2115","Contract: StorageSlot","bytes32 storage slot","get","","","from right slot",""
"passed","Fri Apr 08 01:05:48 GMT 2022","Fri Apr 08 01:05:51 GMT 2022","2761","Contract: ERC721Enumerable","with minted tokens","approve > when approving a non-zero address > when there was a prior approval to a different address","","","emits an approval event",""
"passed","Fri Apr 08 00:48:42 GMT 2022","Fri Apr 08 00:48:48 GMT 2022","6609","Contract: ERC20Pausable","pausable token","transfer from","","","reverts when trying to transfer from when paused",""
"passed","Fri Apr 08 01:04:47 GMT 2022","Fri Apr 08 01:04:51 GMT 2022","4131","Contract: ERC721Enumerable","with minted tokens","transfers > via safeTransferFrom > to a receiver contract that reverts with message","","","reverts",""
"passed","Fri Apr 08 00:52:22 GMT 2022","Fri Apr 08 00:52:24 GMT 2022","1458","Contract: Address","sendValue","when sender contract has no funds","","","reverts when sending non-zero amounts",""
"passed","Fri Apr 08 01:04:14 GMT 2022","Fri Apr 08 01:04:18 GMT 2022","4097","Contract: ERC721","with minted tokens","transfers > via safeTransferFrom > without data > to a valid receiver contract > when sent to the owner","","","emits only a transfer event",""
"skipped","Fri Apr 08 00:56:23 GMT 2022","Fri Apr 08 00:56:23 GMT 2022","0","Contract: Governor","Settings update","update protected","","","setVotingDelay",""
"passed","Fri Apr 08 00:50:20 GMT 2022","Fri Apr 08 00:50:22 GMT 2022","1746","Contract: ERC721","Contract interface","ERC721 > ERC165's supportsInterface(bytes4)","","","uses less than 30k gas [skip-on-coverage]",""
"passed","Fri Apr 08 00:53:25 GMT 2022","Fri Apr 08 00:53:28 GMT 2022","3001","Contract: RefundEscrow","once deployed","active state","","","does not refund refundees",""
"passed","Fri Apr 08 00:46:50 GMT 2022","Fri Apr 08 00:46:52 GMT 2022","2769","Contract: ERC20","set decimals","","","","can set decimals during construction",""
"passed","Fri Apr 08 01:06:00 GMT 2022","Fri Apr 08 01:06:03 GMT 2022","2804","Contract: ERC721Enumerable","with minted tokens","approve > when the sender is an operator","","","emits an approval event",""
"passed","Fri Apr 08 00:54:08 GMT 2022","Fri Apr 08 00:54:10 GMT 2022","2474","Contract: ERC165","Contract interface","ERC165 > ERC165's supportsInterface(bytes4)","","","claims support [skip-on-coverage]",""
"passed","Fri Apr 08 00:48:52 GMT 2022","Fri Apr 08 00:48:55 GMT 2022","3727","Contract: ERC20","increase allowance","when the spender is not the zero address > when the sender has enough balance > when the spender had an approved amount","","","increases the spender allowance adding the requested amount",""
"passed","Fri Apr 08 00:44:21 GMT 2022","Fri Apr 08 00:44:32 GMT 2022","10316","Contract: GovernorTimelockControl","Contract interface","Governor > hashProposal(address[],uint256[],bytes[],bytes32)","","","has to be implemented",""
"passed","Fri Apr 08 00:53:10 GMT 2022","Fri Apr 08 00:53:12 GMT 2022","2129","Contract: Address","functionCall","with non-contract receiver","","","reverts when address is not a contract",""
"passed","Fri Apr 08 01:07:03 GMT 2022","Fri Apr 08 01:07:05 GMT 2022","1708","Contract: ERC721Enumerable","metadata","token URI","","","reverts when queried for non existent token id",""
"passed","Fri Apr 08 01:03:10 GMT 2022","Fri Apr 08 01:03:15 GMT 2022","5100","Contract: ERC721","with minted tokens","transfers > via safeTransferFrom > without data > to a valid receiver contract > when called by the operator","","","transfers the ownership of the given token ID to the given address",""
"passed","Fri Apr 08 00:48:56 GMT 2022","Fri Apr 08 00:48:58 GMT 2022","2011","Contract: ERC20Pausable","pausable token","burn","","","allows to burn when unpaused",""
"passed","Fri Apr 08 00:57:43 GMT 2022","Fri Apr 08 00:57:48 GMT 2022","4567","Contract: ERC721","with minted tokens","transfers > via safeTransferFrom > with data > to a valid receiver contract > when called by the owner","","","emits a Transfer event",""
"passed","Fri Apr 08 00:50:54 GMT 2022","Fri Apr 08 00:51:00 GMT 2022","6826","Contract: ERC721","with minted tokens","ownerOf > when the given token ID was tracked by this token","","","returns the owner of the given token ID",""
"passed","Fri Apr 08 01:06:40 GMT 2022","Fri Apr 08 01:06:41 GMT 2022","1475","Contract: ERC721","_mint(address, uint256)","with minted token","","","emits a Transfer event",""
"passed","Fri Apr 08 00:52:52 GMT 2022","Fri Apr 08 00:52:55 GMT 2022","2768","Contract: ECDSA","recover with invalid signature","","","","with long signature",""
"passed","Fri Apr 08 00:54:35 GMT 2022","Fri Apr 08 00:54:39 GMT 2022","4273","Contract: SignedSafeMath","add","","","","adds correctly if it does not overflow and the result is negative",""
"passed","Fri Apr 08 00:53:27 GMT 2022","Fri Apr 08 00:53:40 GMT 2022","13020","Contract: ERC721","with minted tokens","transfers > via transferFrom > when called by the owner without an approved user","","","adjusts owners balances",""
"skipped","Fri Apr 08 00:43:14 GMT 2022","Fri Apr 08 00:43:14 GMT 2022","0","Contract: TimelockController","methods","batch > execute > with scheduled operation > on time","","","length mismatch #3",""
"passed","Fri Apr 08 01:00:46 GMT 2022","Fri Apr 08 01:00:49 GMT 2022","3333","Contract: ERC721","with minted tokens","transfers > via safeTransferFrom > without data > to a user account > when called by the approved individual","","","adjusts owners balances",""
"passed","Fri Apr 08 00:57:01 GMT 2022","Fri Apr 08 00:57:06 GMT 2022","4609","Contract: ERC721","with minted tokens","transfers > via safeTransferFrom > with data > to a user account > when sent to the owner","","","clears the approval for the token ID",""
"passed","Fri Apr 08 00:44:45 GMT 2022","Fri Apr 08 00:44:55 GMT 2022","10016","Contract: GovernorTimelockCompound","Contract interface","Governor > quorum(uint256)","","","has to be implemented",""
"passed","Fri Apr 08 01:04:35 GMT 2022","Fri Apr 08 01:04:39 GMT 2022","4110","Contract: ERC721Enumerable","with minted tokens","transfers > via safeTransferFrom > without data > to a valid receiver contract > when the address to transfer the token to is the zero address","","","reverts",""
"passed","Fri Apr 08 00:52:06 GMT 2022","Fri Apr 08 00:52:08 GMT 2022","2345","Contract: ERC721PresetMinterPauserAutoId","Contract interface","ERC721 > balanceOf(address)","","","has to be implemented",""
"skipped","Fri Apr 08 00:48:27 GMT 2022","Fri Apr 08 00:48:27 GMT 2022","0","Contract: ERC20Votes","transfers","","","","sender delegation",""
"passed","Fri Apr 08 00:55:53 GMT 2022","Fri Apr 08 00:55:57 GMT 2022","4649","Contract: BitMap","unset","","","","removes added keys",""
"passed","Fri Apr 08 00:54:23 GMT 2022","Fri Apr 08 00:54:26 GMT 2022","2464","Contract: ERC165Checker","ERC165 and many interfaces supported","","","","supports all interfaceIds via supportsAllInterfaces",""
"passed","Fri Apr 08 00:55:03 GMT 2022","Fri Apr 08 00:55:08 GMT 2022","4903","Contract: ERC721Enumerable","with minted tokens","transfers > via safeTransferFrom > with data > to a user account > when called by the owner","","","emits an Approval event",""
"passed","Fri Apr 08 00:52:38 GMT 2022","Fri Apr 08 00:52:39 GMT 2022","1930","Contract: Counters","increment","starting from 0","","","increments the current value by one",""
"passed","Fri Apr 08 00:46:11 GMT 2022","Fri Apr 08 00:46:14 GMT 2022","2679","Contract: TransparentUpgradeableProxy","upgradeToAndCall","without migrations > when the call does fail","","","reverts",""
"passed","Fri Apr 08 00:45:43 GMT 2022","Fri Apr 08 00:45:48 GMT 2022","4286","Contract: TransparentUpgradeableProxy","upgradeTo","when the sender is not the admin","","","reverts",""
"passed","Fri Apr 08 00:56:31 GMT 2022","Fri Apr 08 00:56:34 GMT 2022","3674","Contract: ERC721Enumerable","with minted tokens","transfers > via safeTransferFrom > with data > to a user account > when called by the owner without an approved user","","","transfers the ownership of the given token ID to the given address",""
"passed","Fri Apr 08 00:53:17 GMT 2022","Fri Apr 08 00:53:19 GMT 2022","1539","Contract: ECDSA","toEthSignedMessageHash","","","","prefixes dynamic length data correctly",""
"skipped","Fri Apr 08 00:48:24 GMT 2022","Fri Apr 08 00:48:24 GMT 2022","0","Contract: ERC20VotesComp","set delegation","with signature","","","rejects bad delegatee",""
"passed","Fri Apr 08 00:55:44 GMT 2022","Fri Apr 08 00:55:45 GMT 2022","1181","Contract: SafeMath","memory leakage","","","","mul",""
"passed","Fri Apr 08 00:53:15 GMT 2022","Fri Apr 08 00:53:22 GMT 2022","6373","Contract: Governor","Cancel","Before proposal","","","run",""
"passed","Fri Apr 08 00:55:51 GMT 2022","Fri Apr 08 00:55:52 GMT 2022","1378","Contract: SafeCast","toInt32","","","","downcasts 1",""
"passed","Fri Apr 08 00:58:15 GMT 2022","Fri Apr 08 00:58:20 GMT 2022","4455","Contract: ERC721Enumerable","with minted tokens","transfers > via safeTransferFrom > with data > to a valid receiver contract > when called by the approved individual","","","emits an Approval event",""
"passed","Fri Apr 08 01:01:14 GMT 2022","Fri Apr 08 01:01:18 GMT 2022","3891","Contract: ERC721","with minted tokens","transfers > via safeTransferFrom > without data > to a user account > when called by the owner without an approved user","","","transfers the ownership of the given token ID to the given address",""
"passed","Fri Apr 08 00:59:59 GMT 2022","Fri Apr 08 01:00:03 GMT 2022","4087","Contract: ERC721","with minted tokens","transfers > via safeTransferFrom > with data > to a valid receiver contract > when the given token ID does not exist","","","reverts",""
"skipped","Fri Apr 08 00:48:27 GMT 2022","Fri Apr 08 00:48:27 GMT 2022","0","Contract: ERC20Votes","transfers","","","","no delegation",""
"passed","Fri Apr 08 00:51:42 GMT 2022","Fri Apr 08 00:51:45 GMT 2022","2798","Contract: SafeERC20","with token that returns no boolean values","approvals > with non-zero allowance","","","reverts when decreasing the allowance to a negative value",""
"passed","Fri Apr 08 00:46:36 GMT 2022","Fri Apr 08 00:46:38 GMT 2022","2236","Contract: ERC1155PresetMinterPauser","Contract interface","AccessControl > ERC165's supportsInterface(bytes4)","","","uses less than 30k gas [skip-on-coverage]",""
"passed","Fri Apr 08 00:54:46 GMT 2022","Fri Apr 08 00:54:47 GMT 2022","1182","Contract: SafeMath","with flag","div","","","reverts on division by zero",""
"passed","Fri Apr 08 00:54:20 GMT 2022","Fri Apr 08 00:54:21 GMT 2022","1359","Contract: Math","average","","","","is correctly calculated with one even and one odd number",""
"passed","Fri Apr 08 00:52:28 GMT 2022","Fri Apr 08 00:52:30 GMT 2022","1438","Contract: ERC721PresetMinterPauserAutoId","Contract interface","ERC721Enumerable > tokenOfOwnerByIndex(address,uint256)","","","has to be implemented",""
"passed","Fri Apr 08 00:58:37 GMT 2022","Fri Apr 08 00:58:42 GMT 2022","4577","Contract: ERC721","with minted tokens","transfers > via safeTransferFrom > with data > to a valid receiver contract > when called by the operator","","","emits a Transfer event",""
"passed","Fri Apr 08 00:52:30 GMT 2022","Fri Apr 08 00:52:34 GMT 2022","4132","Contract: Address","sendValue","when sender contract has funds","","","sends the whole balance",""
"passed","Fri Apr 08 00:47:31 GMT 2022","Fri Apr 08 00:47:37 GMT 2022","5919","Contract: TransparentUpgradeableProxy","transparent proxy","when function names clash","","","when sender is other should delegate to implementation",""
"passed","Fri Apr 08 00:45:08 GMT 2022","Fri Apr 08 00:45:11 GMT 2022","2567","Contract: Clones","cloneDeterministic","initialization without parameters > payable > when sending some balance","","","initializes the proxy",""
"passed","Fri Apr 08 00:47:54 GMT 2022","Fri Apr 08 00:47:56 GMT 2022","1380","Contract: ERC20FlashMint","flashFee","","","","token match",""
"passed","Fri Apr 08 00:58:27 GMT 2022","Fri Apr 08 00:58:32 GMT 2022","4525","Contract: ERC721","with minted tokens","transfers > via safeTransferFrom > with data > to a valid receiver contract > when called by the approved individual","","","adjusts owners tokens by index",""
"passed","Fri Apr 08 00:47:26 GMT 2022","Fri Apr 08 00:47:29 GMT 2022","2395","Contract: ERC20","transfer from","when the token owner is not the zero address > when the recipient is not the zero address > when the spender has enough approved balance > when the token owner has enough balance","","","emits a transfer event",""
"passed","Fri Apr 08 00:44:23 GMT 2022","Fri Apr 08 00:44:24 GMT 2022","1414","Contract: ERC1967Proxy","initialization without parameters","payable > when sending some balance","","","initializes the proxy",""
"skipped","Fri Apr 08 00:48:24 GMT 2022","Fri Apr 08 00:48:24 GMT 2022","0","Contract: ERC20VotesComp","set delegation","with signature","","","rejects bad nonce",""
"passed","Fri Apr 08 00:46:06 GMT 2022","Fri Apr 08 00:46:09 GMT 2022","2969","Contract: ERC1155","like an ERC1155","safeTransferFrom","","","reverts when transferring to zero address",""
"passed","Fri Apr 08 00:42:44 GMT 2022","Fri Apr 08 00:42:44 GMT 2022","105","Contract: PaymentSplitter","","","","","rejects zero-valued shares",""
"passed","Fri Apr 08 01:00:29 GMT 2022","Fri Apr 08 01:00:32 GMT 2022","3212","Contract: ERC721","with minted tokens","transfers > via safeTransferFrom > without data > to a user account > when called by the owner","","","adjusts owners tokens by index",""
"passed","Fri Apr 08 00:44:01 GMT 2022","Fri Apr 08 00:44:04 GMT 2022","2319","Contract: AccessControl","onlyRole modifier","","","","revert if sender doesn't have role #2",""
"passed","Fri Apr 08 00:52:34 GMT 2022","Fri Apr 08 00:52:37 GMT 2022","2935","Contract: Address","sendValue","when sender contract has funds","","","reverts when sending more than the balance",""
"passed","Fri Apr 08 00:51:52 GMT 2022","Fri Apr 08 00:51:55 GMT 2022","2200","Contract: ERC721URIStorage","token URI","","","","reverts when setting for non existent token id",""
"passed","Fri Apr 08 00:53:21 GMT 2022","Fri Apr 08 00:53:23 GMT 2022","1589","Contract: RefundEscrow","once deployed","active state","","","has beneficiary and state",""
"skipped","Fri Apr 08 00:43:14 GMT 2022","Fri Apr 08 00:43:14 GMT 2022","0","Contract: TimelockController","usage scenario","","","","call reverting",""
"broken","Fri Apr 08 00:50:02 GMT 2022","Fri Apr 08 00:50:05 GMT 2022","3774","Contract: TokenTimelock","with token","once deployed","","","can be released just after limit",""
"passed","Fri Apr 08 00:58:10 GMT 2022","Fri Apr 08 00:58:15 GMT 2022","4637","Contract: ERC721","with minted tokens","transfers > via safeTransferFrom > with data > to a valid receiver contract > when called by the approved individual","","","emits a Transfer event",""
"skipped","Fri Apr 08 00:48:27 GMT 2022","Fri Apr 08 00:48:27 GMT 2022","0","Contract: ERC20Votes","set delegation","with signature","","","rejects bad delegatee",""
"broken","Fri Apr 08 00:50:37 GMT 2022","Fri Apr 08 00:51:03 GMT 2022","26487","Contract: Governor","scenario","quorum not reached","","","run",""
"passed","Fri Apr 08 00:51:40 GMT 2022","Fri Apr 08 00:51:42 GMT 2022","1697","Contract: ERC1155","internal functions","_burn","","","reverts when burning the zero account's tokens",""
"passed","Fri Apr 08 00:51:20 GMT 2022","Fri Apr 08 00:51:31 GMT 2022","10649","Contract: ERC721Pausable","when token is paused","balanceOf","","","returns the amount of tokens owned by the given address",""
"passed","Fri Apr 08 00:50:33 GMT 2022","Fri Apr 08 00:50:35 GMT 2022","2051","Contract: ERC721","Contract interface","ERC721 > isApprovedForAll(address,address)","","","has to be implemented",""
"passed","Fri Apr 08 00:48:48 GMT 2022","Fri Apr 08 00:48:50 GMT 2022","1885","Contract: ERC20Pausable","pausable token","mint","","","allows to mint when unpaused",""
"skipped","Fri Apr 08 00:43:14 GMT 2022","Fri Apr 08 00:43:14 GMT 2022","0","Contract: TimelockController","methods","cancel","","","proposer can cancel",""
"passed","Fri Apr 08 00:55:03 GMT 2022","Fri Apr 08 00:55:15 GMT 2022","12215","Contract: ConditionalEscrow","when withdrawal is allowed","as an escrow > withdrawals","","","only the owner can withdraw",""
"passed","Fri Apr 08 00:46:55 GMT 2022","Fri Apr 08 00:46:57 GMT 2022","2056","Contract: ERC20","balanceOf","when the requested account has no tokens","","","returns zero",""
"passed","Fri Apr 08 00:54:10 GMT 2022","Fri Apr 08 00:54:16 GMT 2022","6130","Contract: ERC721","with minted tokens","transfers > via transferFrom > when sent to the owner","","","keeps the owner balance",""
"passed","Fri Apr 08 00:43:56 GMT 2022","Fri Apr 08 00:43:59 GMT 2022","2820","Contract: AccessControl","onlyRole modifier","","","","do not revert if sender has role",""
"passed","Fri Apr 08 00:51:52 GMT 2022","Fri Apr 08 00:51:59 GMT 2022","6711","Contract: ERC721","with minted tokens","transfers > via transferFrom > when called by the approved individual","","","emits a Transfer event",""
"passed","Fri Apr 08 00:46:17 GMT 2022","Fri Apr 08 00:46:25 GMT 2022","7793","Contract: ERC1155Holder","","","","","receives ERC1155 tokens from a single ID",""
"passed","Fri Apr 08 00:44:30 GMT 2022","Fri Apr 08 00:44:35 GMT 2022","5192","Contract: Initializable","basic testing without inheritance","after initialize","","","initializer does not run again",""
"passed","Fri Apr 08 00:54:24 GMT 2022","Fri Apr 08 00:54:50 GMT 2022","25766","Contract: Governor","Cancel","After execution","","","run",""
"passed","Fri Apr 08 00:42:44 GMT 2022","Fri Apr 08 00:42:44 GMT 2022","169","Contract: PaymentSplitter","","","","","rejects null payees",""
"passed","Fri Apr 08 00:56:14 GMT 2022","Fri Apr 08 00:56:16 GMT 2022","1204","Contract: SafeCast","toInt64","","","","downcasts 2^63 - 1 (9223372036854775807)",""
"passed","Fri Apr 08 00:43:55 GMT 2022","Fri Apr 08 00:44:01 GMT 2022","6410","Contract: GovernorTimelockCompound","Contract interface","Governor > hashProposal(address[],uint256[],bytes[],bytes32)","","","has to be implemented",""
"passed","Fri Apr 08 01:05:09 GMT 2022","Fri Apr 08 01:05:12 GMT 2022","3057","Contract: ERC721Enumerable","with minted tokens","safe mint > via safeMint > to a receiver contract returning unexpected value","","","reverts",""
"passed","Fri Apr 08 00:52:59 GMT 2022","Fri Apr 08 00:53:03 GMT 2022","3707","Contract: ERC721PresetMinterPauserAutoId","pausing","","","","deployer can pause",""
"passed","Fri Apr 08 00:51:04 GMT 2022","Fri Apr 08 00:51:09 GMT 2022","4810","Contract: ERC20","erc20 behaviour","transfer from > when the token owner is not the zero address > when the recipient is not the zero address > when the spender has enough approved balance > when the token owner has enough balance","","","emits an approval event",""
"passed","Fri Apr 08 00:59:18 GMT 2022","Fri Apr 08 00:59:23 GMT 2022","5020","Contract: ERC721","with minted tokens","transfers > via safeTransferFrom > with data > to a valid receiver contract > when called by the owner without an approved user","","","adjusts owners balances",""
"passed","Fri Apr 08 01:00:02 GMT 2022","Fri Apr 08 01:00:05 GMT 2022","3798","Contract: ERC721Enumerable","with minted tokens","transfers > via safeTransferFrom > with data > to a valid receiver contract > when the address to transfer the token to is the zero address","","","reverts",""
"passed","Fri Apr 08 00:53:17 GMT 2022","Fri Apr 08 00:53:19 GMT 2022","2317","Contract: RefundEscrow","once deployed","","","","only the owner can enter closed state",""
"passed","Fri Apr 08 00:42:54 GMT 2022","Fri Apr 08 00:42:55 GMT 2022","1197","Contract: AccessControl","default admin","","","","other roles's admin is the default admin role",""
"passed","Fri Apr 08 00:46:44 GMT 2022","Fri Apr 08 00:46:52 GMT 2022","8061","Contract: GovernorTimelockCompound","Contract interface","GovernorTimelock > queue(address[],uint256[],bytes[],bytes32)","","","has to be implemented",""
"passed","Fri Apr 08 00:58:01 GMT 2022","Fri Apr 08 00:58:05 GMT 2022","4608","Contract: ERC721","with minted tokens","transfers > via safeTransferFrom > with data > to a valid receiver contract > when called by the owner","","","adjusts owners tokens by index",""
"passed","Fri Apr 08 00:42:58 GMT 2022","Fri Apr 08 00:43:01 GMT 2022","3323","Contract: AccessControl","granting","","","","accounts can be granted a role multiple times",""
"passed","Fri Apr 08 00:46:52 GMT 2022","Fri Apr 08 00:46:55 GMT 2022","2744","Contract: ERC20","total supply","","","","returns the total amount of tokens",""
"passed","Fri Apr 08 00:53:08 GMT 2022","Fri Apr 08 00:53:14 GMT 2022","5431","Contract: ERC721Enumerable","with minted tokens","transfers > via transferFrom > when called by the owner without an approved user","","","transfers the ownership of the given token ID to the given address",""
"passed","Fri Apr 08 00:58:55 GMT 2022","Fri Apr 08 00:59:00 GMT 2022","4555","Contract: ERC721","with minted tokens","transfers > via safeTransferFrom > with data > to a valid receiver contract > when called by the operator","","","adjusts owners tokens by index",""
"passed","Fri Apr 08 00:53:08 GMT 2022","Fri Apr 08 00:53:10 GMT 2022","1478","Contract: ECDSA","recover with valid signature","with v0 signature","","","reverts with wrong version",""
"passed","Fri Apr 08 00:52:41 GMT 2022","Fri Apr 08 00:52:42 GMT 2022","1527","Contract: Create2","computeAddress","","","","computes the correct contract address",""
"passed","Fri Apr 08 00:45:52 GMT 2022","Fri Apr 08 00:46:03 GMT 2022","11522","Contract: GovernorTimelockCompound","Contract interface","Governor > castVoteBySig(uint256,uint8,uint8,bytes32,bytes32)","","","has to be implemented",""
"passed","Fri Apr 08 01:03:01 GMT 2022","Fri Apr 08 01:03:05 GMT 2022","4269","Contract: ERC721Enumerable","with minted tokens","transfers > via safeTransferFrom > without data > to a valid receiver contract > when called by the approved individual","","","adjusts owners tokens by index",""
"passed","Fri Apr 08 00:44:55 GMT 2022","Fri Apr 08 00:44:57 GMT 2022","2122","Contract: Clones","cloneDeterministic","initialization without parameters > non payable > when not sending balance","","","has expected balance",""
"passed","Fri Apr 08 01:04:58 GMT 2022","Fri Apr 08 01:05:02 GMT 2022","3772","Contract: ERC721","with minted tokens","transfers > via safeTransferFrom > to a receiver contract that panics","","","reverts",""
"passed","Fri Apr 08 00:55:07 GMT 2022","Fri Apr 08 00:55:09 GMT 2022","2151","Contract: SafeCast","toUint224","","","","downcasts 2^224 - 1 (26959946667150639794667015087019630673637144422540572481103610249215)",""
"skipped","Fri Apr 08 01:07:11 GMT 2022","Fri Apr 08 01:07:11 GMT 2022","0","Contract: ERC721","metadata","token URI > base URI","","","base URI is added as a prefix to the token URI",""
"broken","Fri Apr 08 00:44:10 GMT 2022","Fri Apr 08 00:44:11 GMT 2022","995","Ethers.js","","","","","testWritingToTheBlockchain",""
"passed","Fri Apr 08 00:56:14 GMT 2022","Fri Apr 08 00:56:16 GMT 2022","1862","Contract: TimersTimestamp","","","","","pending",""
"broken","Fri Apr 08 00:45:34 GMT 2022","Fri Apr 08 00:45:34 GMT 2022","0","tests.brownie.token.tests","test_approve","","","","test_only_affects_target",""
"passed","Fri Apr 08 00:51:24 GMT 2022","Fri Apr 08 00:51:37 GMT 2022","12905","Contract: ERC20","erc20 behaviour","transfer from > when the token owner is not the zero address > when the recipient is not the zero address > when the spender does not have enough approved balance > when the token owner does not have enough balance","","","reverts",""
"passed","Fri Apr 08 00:48:23 GMT 2022","Fri Apr 08 00:48:32 GMT 2022","8786","Contract: GovernorTimelockControl","Contract interface","GovernorTimelock > queue(address[],uint256[],bytes[],bytes32)","","","has to be implemented",""
"passed","Fri Apr 08 00:55:04 GMT 2022","Fri Apr 08 00:55:05 GMT 2022","1235","Contract: SafeCast","toUint128","","","","reverts when downcasting 2^128 + 1 (340282366920938463463374607431768211457)",""
"passed","Fri Apr 08 00:59:36 GMT 2022","Fri Apr 08 00:59:41 GMT 2022","5041","Contract: ERC721Enumerable","with minted tokens","transfers > via safeTransferFrom > with data > to a valid receiver contract > when sent to the owner","","","emits only a transfer event",""
"skipped","Fri Apr 08 00:43:14 GMT 2022","Fri Apr 08 00:43:14 GMT 2022","0","Contract: TimelockController","usage scenario","","","","call payable with eth",""
"passed","Fri Apr 08 00:44:26 GMT 2022","Fri Apr 08 00:44:28 GMT 2022","2933","Contract: ProxyAdmin","#getProxyAdmin","","","","call to invalid proxy",""
"passed","Fri Apr 08 00:52:43 GMT 2022","Fri Apr 08 00:52:45 GMT 2022","1580","Contract: ERC721PresetMinterPauserAutoId","Contract interface","AccessControlEnumerable > ERC165's supportsInterface(bytes4)","","","uses less than 30k gas [skip-on-coverage]",""
"passed","Fri Apr 08 00:42:44 GMT 2022","Fri Apr 08 00:43:02 GMT 2022","18101","Contract: GovernorComp","voting with comp token","","","","run",""
"passed","Fri Apr 08 00:47:48 GMT 2022","Fri Apr 08 00:47:54 GMT 2022","5887","Contract: ERC1155","like an ERC1155","safeTransferFrom > when sending to a valid receiver > with data","","","credits transferred balance to receiver",""
"passed","Fri Apr 08 00:53:46 GMT 2022","Fri Apr 08 00:53:54 GMT 2022","8165","Contract: ConditionalEscrow","when withdrawal is allowed","as an escrow > deposits","","","only the owner can deposit",""
"passed","Fri Apr 08 00:44:18 GMT 2022","Fri Apr 08 00:44:25 GMT 2022","7096","Contract: GovernorTimelockCompound","Contract interface","Governor > proposalDeadline(uint256)","","","has to be implemented",""
"passed","Fri Apr 08 00:53:08 GMT 2022","Fri Apr 08 00:53:12 GMT 2022","3801","Contract: ERC721","with minted tokens","transfers > via transferFrom > when called by the owner without an approved user","","","transfers the ownership of the given token ID to the given address",""
"passed","Fri Apr 08 01:06:51 GMT 2022","Fri Apr 08 01:06:54 GMT 2022","2587","Contract: ERC721","_burn","with minted tokens > with burnt token","","","deletes the token",""
"passed","Fri Apr 08 00:53:33 GMT 2022","Fri Apr 08 00:53:45 GMT 2022","11433","Contract: ERC721Enumerable","with minted tokens","transfers > via transferFrom > when called by the owner without an approved user","","","adjusts owners balances",""
"passed","Fri Apr 08 00:56:07 GMT 2022","Fri Apr 08 00:56:09 GMT 2022","2154","Contract: SafeCast","toInt32","","","","reverts when downcasting 2^31 + 1 (2147483649)",""
"passed","Fri Apr 08 00:49:34 GMT 2022","Fri Apr 08 00:49:36 GMT 2022","1655","Contract: ERC20PresetMinterPauser","pausing","","","","cannot mint while paused",""
"passed","Fri Apr 08 00:54:43 GMT 2022","Fri Apr 08 00:54:45 GMT 2022","1767","Contract: SafeCast","toUint64","","","","downcasts 1",""
"passed","Fri Apr 08 00:59:08 GMT 2022","Fri Apr 08 00:59:13 GMT 2022","5140","Contract: ERC721Enumerable","with minted tokens","transfers > via safeTransferFrom > with data > to a valid receiver contract > when called by the owner without an approved user","","","clears the approval for the token ID",""
"passed","Fri Apr 08 01:02:01 GMT 2022","Fri Apr 08 01:02:04 GMT 2022","2978","Contract: ERC721","with minted tokens","transfers > via safeTransferFrom > without data > to a user account > when the given token ID does not exist","","","reverts",""
"passed","Fri Apr 08 00:54:59 GMT 2022","Fri Apr 08 00:55:02 GMT 2022","3085","Contract: SafeMath","with default revert message","sub","","","reverts if subtraction result would be negative",""
"passed","Fri Apr 08 00:51:14 GMT 2022","Fri Apr 08 00:51:16 GMT 2022","2296","Contract: ERC1155","internal functions","_mint","","","reverts with a zero destination address",""
"passed","Fri Apr 08 00:44:47 GMT 2022","Fri Apr 08 00:44:51 GMT 2022","4081","Contract: ProxyAdmin","#upgrade","with unauthorized account","","","fails to upgrade",""
"passed","Fri Apr 08 00:51:12 GMT 2022","Fri Apr 08 00:51:15 GMT 2022","3886","Contract: SafeERC20","with token that returns no boolean values","approvals > with zero allowance","","","reverts when decreasing the allowance",""
"skipped","Fri Apr 08 00:48:24 GMT 2022","Fri Apr 08 00:48:24 GMT 2022","0","Contract: ERC20VotesComp","transfers","","","","receiver delegation",""
"passed","Fri Apr 08 00:55:05 GMT 2022","Fri Apr 08 00:55:06 GMT 2022","1351","Contract: MulticallToken","","","","","bubbles up revert reasons",""
"passed","Fri Apr 08 00:55:54 GMT 2022","Fri Apr 08 00:55:58 GMT 2022","4002","Contract: TimersBlockNumber","","","","","expired",""
"passed","Fri Apr 08 00:55:55 GMT 2022","Fri Apr 08 00:55:57 GMT 2022","1695","Contract: SafeCast","toInt32","","","","downcasts 2^31 - 1 (2147483647)",""
"passed","Fri Apr 08 00:56:18 GMT 2022","Fri Apr 08 00:56:20 GMT 2022","2015","Contract: TimersTimestamp","","","","","reset",""
"passed","Fri Apr 08 00:50:38 GMT 2022","Fri Apr 08 00:50:42 GMT 2022","4088","Contract: ERC721Enumerable","with minted tokens","balanceOf > when the given address owns some tokens","","","returns the amount of tokens owned by the given address",""
"passed","Fri Apr 08 00:51:58 GMT 2022","Fri Apr 08 00:52:08 GMT 2022","10099","Contract: ERC721URIStorage","token URI","","","","base URI is added as a prefix to the token URI",""
"passed","Fri Apr 08 01:03:19 GMT 2022","Fri Apr 08 01:03:23 GMT 2022","4078","Contract: ERC721Enumerable","with minted tokens","transfers > via safeTransferFrom > without data > to a valid receiver contract > when called by the operator","","","emits an Approval event",""
"passed","Fri Apr 08 01:06:56 GMT 2022","Fri Apr 08 01:06:57 GMT 2022","1164","Contract: ERC721Enumerable","Contract interface","ERC721Metadata > name()","","","has to be implemented",""
"skipped","Fri Apr 08 00:48:27 GMT 2022","Fri Apr 08 00:48:27 GMT 2022","0","Contract: ERC20Votes","Compound test suite","numCheckpoints","","","returns the number of checkpoints for a delegate",""
"skipped","Fri Apr 08 00:56:23 GMT 2022","Fri Apr 08 00:56:23 GMT 2022","0","Contract: Governor","Settings update","update protected","","","setVotingPeriod",""
"passed","Fri Apr 08 00:49:12 GMT 2022","Fri Apr 08 00:49:14 GMT 2022","1938","Contract: ERC20PresetMinterPauser","","","","","deployer has the default admin role",""
"passed","Fri Apr 08 01:07:31 GMT 2022","Fri Apr 08 01:07:34 GMT 2022","2904","Contract: ERC721Enumerable","with minted tokens","tokenOfOwnerByIndex > after transferring all tokens to another user","","","returns empty collection for original owner",""
"passed","Fri Apr 08 00:59:54 GMT 2022","Fri Apr 08 00:59:58 GMT 2022","3782","Contract: ERC721Enumerable","with minted tokens","transfers > via safeTransferFrom > with data > to a valid receiver contract > when the sender is not authorized for the token id","","","reverts",""
"passed","Fri Apr 08 00:47:16 GMT 2022","Fri Apr 08 00:47:20 GMT 2022","3393","Contract: ERC1155PresetMinterPauser","pausing","","","","deployer can unpause",""
"passed","Fri Apr 08 01:05:58 GMT 2022","Fri Apr 08 01:06:00 GMT 2022","2902","Contract: ERC721Enumerable","with minted tokens","approve > when the sender is an operator","","","sets the approval for the target address",""
"passed","Fri Apr 08 00:52:10 GMT 2022","Fri Apr 08 00:52:11 GMT 2022","1739","Contract: ERC721PresetMinterPauserAutoId","Contract interface","ERC721 > approve(address,uint256)","","","has to be implemented",""
"passed","Fri Apr 08 00:45:31 GMT 2022","Fri Apr 08 00:45:33 GMT 2022","2188","Contract: TransparentUpgradeableProxy","implementation","","","","delegates to the implementation",""
"passed","Fri Apr 08 00:48:30 GMT 2022","Fri Apr 08 00:48:32 GMT 2022","1177","Contract: ERC20Snapshot","totalSupplyAt","","","","reverts with a not-yet-created snapshot id",""
"passed","Fri Apr 08 00:50:17 GMT 2022","Fri Apr 08 00:50:18 GMT 2022","1578","Contract: ERC721","Contract interface","ERC165 > ERC165's supportsInterface(bytes4)","","","claims support [skip-on-coverage]",""
"passed","Fri Apr 08 00:54:15 GMT 2022","Fri Apr 08 00:54:18 GMT 2022","2396","Contract: ERC165Checker","ERC165 and single interface supported","","","","supports mock interface via getSupportedInterfaces",""
"passed","Fri Apr 08 00:55:11 GMT 2022","Fri Apr 08 00:55:13 GMT 2022","2556","Contract: StorageSlot","boolean storage slot","get","","","from other slot",""
"skipped","Fri Apr 08 00:43:14 GMT 2022","Fri Apr 08 00:43:14 GMT 2022","0","Contract: TimelockController","usage scenario","","","","call throw",""
"passed","Fri Apr 08 00:53:10 GMT 2022","Fri Apr 08 00:53:11 GMT 2022","1275","Contract: ECDSA","recover with valid signature","with v0 signature","","","works with short EIP2098 format",""
"passed","Fri Apr 08 01:06:56 GMT 2022","Fri Apr 08 01:06:57 GMT 2022","1222","Contract: ERC721","Contract interface","ERC721Metadata > ERC165's supportsInterface(bytes4)","","","uses less than 30k gas [skip-on-coverage]",""
"passed","Fri Apr 08 00:44:11 GMT 2022","Fri Apr 08 00:44:12 GMT 2022","1491","Contract: BeaconProxy","bad beacon is not accepted","","","","non-contract implementation",""
"passed","Fri Apr 08 00:49:53 GMT 2022","Fri Apr 08 00:50:00 GMT 2022","6523","Contract: ERC1155","like an ERC1155","safeBatchTransferFrom > when sending to a valid receiver > with data","","","credits transferred balances to receiver",""
"passed","Fri Apr 08 00:56:16 GMT 2022","Fri Apr 08 00:56:17 GMT 2022","1385","Contract: SafeCast","toInt64","","","","reverts when downcasting -2^63 - 1 (-9223372036854775809)",""
"passed","Fri Apr 08 01:04:46 GMT 2022","Fri Apr 08 01:04:50 GMT 2022","4181","Contract: ERC721","with minted tokens","transfers > via safeTransferFrom > to a receiver contract returning unexpected value","","","reverts",""
"passed","Fri Apr 08 00:57:10 GMT 2022","Fri Apr 08 00:57:14 GMT 2022","3351","Contract: ERC721Enumerable","with minted tokens","transfers > via safeTransferFrom > with data > to a user account > when sent to the owner","","","keeps same tokens by index",""
"passed","Fri Apr 08 00:44:10 GMT 2022","Fri Apr 08 00:44:20 GMT 2022","9601","Contract: Governor","Contract interface","Governor > name()","","","has to be implemented",""
"passed","Fri Apr 08 01:06:14 GMT 2022","Fri Apr 08 01:06:18 GMT 2022","3376","Contract: ERC721","with minted tokens","setApprovalForAll > when the operator willing to approve is not the owner > when the operator was set as not approved","","","approves the operator",""
"passed","Fri Apr 08 00:51:07 GMT 2022","Fri Apr 08 00:51:08 GMT 2022","1078","Contract: ERC1155","like an ERC1155","Contract interface > ERC1155 > balanceOfBatch(address[],uint256[])","","","has to be implemented",""
"passed","Fri Apr 08 00:47:46 GMT 2022","Fri Apr 08 00:47:49 GMT 2022","3155","Contract: ERC20Burnable","burnFrom","on success > for a zero amount","","","burns the requested amount",""
"skipped","Fri Apr 08 00:43:14 GMT 2022","Fri Apr 08 00:43:14 GMT 2022","0","Contract: TimelockController","methods","simple > execute > with scheduled operation > on time","","","prevent non-executor from revealing",""
"passed","Fri Apr 08 00:44:23 GMT 2022","Fri Apr 08 00:44:26 GMT 2022","2876","Contract: Clones","clone","initialization with parameters > non payable > when not sending balance","","","initializes the proxy",""
"skipped","Fri Apr 08 00:48:24 GMT 2022","Fri Apr 08 00:48:24 GMT 2022","0","Contract: ERC20VotesComp","transfers","","","","sender delegation",""
"passed","Fri Apr 08 00:55:18 GMT 2022","Fri Apr 08 00:55:21 GMT 2022","2785","Contract: StorageSlot","address storage slot","get","","","from other slot",""
"passed","Fri Apr 08 00:44:08 GMT 2022","Fri Apr 08 00:44:09 GMT 2022","894","Ethers.js","","","","","shouldConnectViaEthersJs",""
"passed","Fri Apr 08 00:51:26 GMT 2022","Fri Apr 08 00:51:31 GMT 2022","4988","Contract: ERC1155","internal functions","_mintBatch","","","reverts with a zero destination address",""
"passed","Fri Apr 08 00:44:20 GMT 2022","Fri Apr 08 00:44:27 GMT 2022","7599","Contract: Governor","Contract interface","Governor > version()","","","has to be implemented",""
"passed","Fri Apr 08 00:53:27 GMT 2022","Fri Apr 08 00:53:33 GMT 2022","6477","Contract: ERC165Checker","ERC165 missing return data","","","","does not support mock interface via supportsAllInterfaces",""
"passed","Fri Apr 08 00:45:14 GMT 2022","Fri Apr 08 00:45:21 GMT 2022","7366","Contract: GovernorTimelockCompound","Contract interface","Governor > propose(address[],uint256[],bytes[],string)","","","has to be implemented",""
"passed","Fri Apr 08 00:44:07 GMT 2022","Fri Apr 08 00:44:10 GMT 2022","2060","Contract: Clones","clone","initialization without parameters > non payable > when not sending balance","","","initializes the proxy",""
"passed","Fri Apr 08 00:50:34 GMT 2022","Fri Apr 08 00:50:41 GMT 2022","6439","Contract: ERC1155","like an ERC1155","safeBatchTransferFrom > to a receiver contract that reverts only on single transfers","","","emits a TransferBatch log",""
"passed","Fri Apr 08 00:54:43 GMT 2022","Fri Apr 08 00:54:46 GMT 2022","2536","Contract: ERC165Checker","ERC165 and many interfaces supported","","","","supports not all of the interfaces queried via getSupportedInterfaces",""
"skipped","Fri Apr 08 00:43:14 GMT 2022","Fri Apr 08 00:43:14 GMT 2022","0","Contract: TimelockController","dependency","","","","cannot execute before dependency",""
"passed","Fri Apr 08 00:51:11 GMT 2022","Fri Apr 08 00:51:13 GMT 2022","1534","Contract: ERC1155","like an ERC1155","Contract interface > ERC1155 > safeTransferFrom(address,address,uint256,uint256,bytes)","","","has to be implemented",""
"passed","Fri Apr 08 00:56:51 GMT 2022","Fri Apr 08 00:56:58 GMT 2022","6643","Contract: EnumerableSet","EnumerableUintSet","remove","","","adds and removes multiple values",""
"passed","Fri Apr 08 00:47:33 GMT 2022","Fri Apr 08 00:47:36 GMT 2022","3202","Contract: ERC20","transfer from","when the token owner is not the zero address > when the recipient is not the zero address > when the spender has enough approved balance > when the token owner does not have enough balance","","","reverts",""
"passed","Fri Apr 08 01:05:45 GMT 2022","Fri Apr 08 01:05:48 GMT 2022","2930","Contract: ERC721","with minted tokens","approve > when approving a non-zero address > when there was a prior approval to the same address","","","emits an approval event",""
"skipped","Fri Apr 08 00:48:24 GMT 2022","Fri Apr 08 00:48:24 GMT 2022","0","Contract: ERC20VotesComp","getPastTotalSupply","","","","returns the latest block if >= last checkpoint block",""
"passed","Fri Apr 08 01:01:07 GMT 2022","Fri Apr 08 01:01:11 GMT 2022","3796","Contract: ERC721","with minted tokens","transfers > via safeTransferFrom > without data > to a user account > when called by the operator","","","adjusts owners balances",""
"passed","Fri Apr 08 00:55:56 GMT 2022","Fri Apr 08 00:56:01 GMT 2022","4875","Contract: EnumerableSet","EnumerableBytes32Set","remove","","","returns false when removing values not in the set",""
"passed","Fri Apr 08 00:49:14 GMT 2022","Fri Apr 08 00:49:30 GMT 2022","15543","Contract: ERC20Snapshot","balanceOfAt","with initial snapshot > with balance changes after the snapshot > with multiple snapshots after supply changes","","","all posterior snapshots return the supply after the changes",""
"skipped","Fri Apr 08 00:48:24 GMT 2022","Fri Apr 08 00:48:24 GMT 2022","1","Contract: ERC20VotesComp","","","","","initial nonce is 0",""
"passed","Fri Apr 08 00:48:14 GMT 2022","Fri Apr 08 00:48:19 GMT 2022","5082","Contract: ERC20FlashMint","flashLoan","","","","more than maxFlashLoan",""
"passed","Fri Apr 08 00:46:52 GMT 2022","Fri Apr 08 00:46:58 GMT 2022","5126","Contract: ERC1155Holder","Contract interface","ERC1155Receiver > ERC165's supportsInterface(bytes4)","","","claims support [skip-on-coverage]",""
"passed","Fri Apr 08 00:46:16 GMT 2022","Fri Apr 08 00:46:19 GMT 2022","2671","Contract: ERC1155PresetMinterPauser","Contract interface","ERC1155 > ERC165's supportsInterface(bytes4)","","","claims support [skip-on-coverage]",""
"passed","Fri Apr 08 00:56:18 GMT 2022","Fri Apr 08 00:56:20 GMT 2022","2487","Contract: EnumerableSet","EnumerableAddressSet","add","","","adds several values",""
"passed","Fri Apr 08 00:59:32 GMT 2022","Fri Apr 08 00:59:36 GMT 2022","4290","Contract: ERC721Enumerable","with minted tokens","transfers > via safeTransferFrom > with data > to a valid receiver contract > when sent to the owner","","","clears the approval for the token ID",""
"passed","Fri Apr 08 00:55:49 GMT 2022","Fri Apr 08 00:55:52 GMT 2022","2674","Contract: EnumerableSet","EnumerableBytes32Set","add","","","returns false when adding values already in the set",""
"passed","Fri Apr 08 00:46:40 GMT 2022","Fri Apr 08 00:46:45 GMT 2022","4292","Contract: ERC1155Holder","Contract interface","ERC165 > ERC165's supportsInterface(bytes4)","","","claims support [skip-on-coverage]",""
"passed","Fri Apr 08 01:07:53 GMT 2022","Fri Apr 08 01:07:55 GMT 2022","2555","Contract: ERC721Enumerable","_burn","with minted tokens > with burnt token","","","adjusts all tokens list",""
"passed","Fri Apr 08 00:50:26 GMT 2022","Fri Apr 08 00:50:31 GMT 2022","5082","Contract: ERC20","erc20 behaviour","transfer > when the recipient is not the zero address > when the sender transfers zero tokens","","","emits a transfer event",""
"passed","Fri Apr 08 01:01:52 GMT 2022","Fri Apr 08 01:01:55 GMT 2022","2980","Contract: ERC721Enumerable","with minted tokens","transfers > via safeTransferFrom > without data > to a user account > when the address of the previous owner is incorrect","","","reverts",""
"passed","Fri Apr 08 00:51:46 GMT 2022","Fri Apr 08 00:51:48 GMT 2022","2231","Contract: ERC721URIStorage","token URI","","","","it is empty by default",""
"passed","Fri Apr 08 00:55:37 GMT 2022","Fri Apr 08 00:55:41 GMT 2022","4606","Contract: ERC721Enumerable","with minted tokens","transfers > via safeTransferFrom > with data > to a user account > when called by the approved individual","","","clears the approval for the token ID",""
"passed","Fri Apr 08 01:05:05 GMT 2022","Fri Apr 08 01:05:08 GMT 2022","3353","Contract: ERC721","with minted tokens","safe mint > via safeMint","","","calls onERC721Received — with data",""
"passed","Fri Apr 08 01:07:19 GMT 2022","Fri Apr 08 01:07:21 GMT 2022","2049","Contract: ERC721Enumerable","with minted tokens","totalSupply","","","returns total token supply",""
"passed","Fri Apr 08 01:02:39 GMT 2022","Fri Apr 08 01:02:43 GMT 2022","4160","Contract: ERC721","with minted tokens","transfers > via safeTransferFrom > without data > to a valid receiver contract > when called by the owner","","","adjusts owners tokens by index",""
"passed","Fri Apr 08 00:45:53 GMT 2022","Fri Apr 08 00:45:58 GMT 2022","4786","Contract: TransparentUpgradeableProxy","upgradeToAndCall","without migrations > when the call does not fail > when the sender is the admin","","","emits an event",""
"passed","Fri Apr 08 00:58:57 GMT 2022","Fri Apr 08 00:59:03 GMT 2022","5329","Contract: ERC721Enumerable","with minted tokens","transfers > via safeTransferFrom > with data > to a valid receiver contract > when called by the owner without an approved user","","","transfers the ownership of the given token ID to the given address",""
"passed","Fri Apr 08 00:51:58 GMT 2022","Fri Apr 08 00:52:01 GMT 2022","2710","Contract: ERC721PresetMinterPauserAutoId","Contract interface","ERC721 > ERC165's supportsInterface(bytes4)","","","uses less than 30k gas [skip-on-coverage]",""
"passed","Fri Apr 08 00:44:33 GMT 2022","Fri Apr 08 00:44:38 GMT 2022","4502","Contract: TransparentUpgradeableProxy","without initialization","when not sending balance","","","has expected balance",""
"skipped","Fri Apr 08 00:48:24 GMT 2022","Fri Apr 08 00:48:24 GMT 2022","0","Contract: ERC20VotesComp","transfers","","","","no delegation",""
"passed","Fri Apr 08 00:47:16 GMT 2022","Fri Apr 08 00:47:42 GMT 2022","26128","Contract: Governor","scenario","nominal","","","run",""
"passed","Fri Apr 08 01:05:39 GMT 2022","Fri Apr 08 01:05:42 GMT 2022","2445","Contract: ERC721","with minted tokens","approve > when approving a non-zero address > when there was no prior approval","","","emits an approval event",""
"passed","Fri Apr 08 00:56:31 GMT 2022","Fri Apr 08 00:56:33 GMT 2022","1217","Contract: SafeCast","toInt128","","","","reverts when downcasting 2^127 (170141183460469231731687303715884105728)",""
"failed","Fri Apr 08 00:55:52 GMT 2022","Fri Apr 08 00:55:54 GMT 2022","2656","Contract: TimersBlockNumber","","","","","pending",""
"passed","Fri Apr 08 00:52:01 GMT 2022","Fri Apr 08 00:52:06 GMT 2022","5128","Contract: ERC721PresetMinterPauserAutoId","Contract interface","ERC721 > ERC165's supportsInterface(bytes4)","","","claims support [skip-on-coverage]",""
"passed","Fri Apr 08 00:53:47 GMT 2022","Fri Apr 08 00:53:49 GMT 2022","2536","Contract: Address","functionStaticCall","","","","bubbles up revert reason",""
"passed","Fri Apr 08 00:42:52 GMT 2022","Fri Apr 08 00:42:55 GMT 2022","2908","Contract: PaymentSplitter","once deployed","accepts payments","","","Token",""
"passed","Fri Apr 08 00:49:29 GMT 2022","Fri Apr 08 00:49:31 GMT 2022","2512","Contract: ERC20PresetMinterPauser","pausing","","","","deployer can pause",""
"passed","Fri Apr 08 00:54:52 GMT 2022","Fri Apr 08 00:54:53 GMT 2022","1367","Contract: SafeMath","with flag","mod > modulos correctly","","","when the dividend is a multiple of the divisor",""
"passed","Fri Apr 08 00:57:02 GMT 2022","Fri Apr 08 00:57:06 GMT 2022","4037","Contract: ERC721Enumerable","with minted tokens","transfers > via safeTransferFrom > with data > to a user account > when sent to the owner","","","emits only a transfer event",""
"passed","Fri Apr 08 00:44:51 GMT 2022","Fri Apr 08 00:44:53 GMT 2022","2023","Contract: Clones","cloneDeterministic","","","","address prediction",""
"passed","Fri Apr 08 00:56:52 GMT 2022","Fri Apr 08 00:56:55 GMT 2022","3723","Contract: ERC721Enumerable","with minted tokens","transfers > via safeTransferFrom > with data > to a user account > when called by the owner without an approved user","","","adjusts owners tokens by index",""
"passed","Fri Apr 08 00:42:44 GMT 2022","Fri Apr 08 00:42:44 GMT 2022","117","Contract: PaymentSplitter","","","","","rejects more shares than payees",""
"passed","Fri Apr 08 00:53:49 GMT 2022","Fri Apr 08 00:53:52 GMT 2022","2562","Contract: Address","functionStaticCall","","","","reverts when address is not a contract",""
"passed","Fri Apr 08 01:04:18 GMT 2022","Fri Apr 08 01:04:22 GMT 2022","4239","Contract: ERC721","with minted tokens","transfers > via safeTransferFrom > without data > to a valid receiver contract > when sent to the owner","","","keeps the owner balance",""
"passed","Fri Apr 08 00:54:51 GMT 2022","Fri Apr 08 00:54:52 GMT 2022","943","Contract: SafeMath","with flag","mod > modulos correctly","","","when the dividend is larger than the divisor",""
"skipped","Fri Apr 08 00:43:14 GMT 2022","Fri Apr 08 00:43:14 GMT 2022","0","Contract: TimelockController","methods","simple > execute > with scheduled operation > on time","","","executor can reveal",""
"skipped","Fri Apr 08 00:48:24 GMT 2022","Fri Apr 08 00:48:24 GMT 2022","0","Contract: ERC20VotesComp","set delegation","with signature","","","accept signed delegation",""
"passed","Fri Apr 08 00:47:29 GMT 2022","Fri Apr 08 00:47:33 GMT 2022","4560","Contract: ERC20","transfer from","when the token owner is not the zero address > when the recipient is not the zero address > when the spender has enough approved balance > when the token owner has enough balance","","","emits an approval event",""
"skipped","Fri Apr 08 00:48:24 GMT 2022","Fri Apr 08 00:48:24 GMT 2022","0","Contract: ERC20VotesComp","","","","","domain separator",""
"passed","Fri Apr 08 00:55:51 GMT 2022","Fri Apr 08 00:55:55 GMT 2022","4390","Contract: ERC721","with minted tokens","transfers > via safeTransferFrom > with data > to a user account > when called by the approved individual","","","adjusts owners tokens by index",""
"passed","Fri Apr 08 01:06:14 GMT 2022","Fri Apr 08 01:06:17 GMT 2022","3272","Contract: ERC721Enumerable","with minted tokens","setApprovalForAll > when the operator willing to approve is not the owner > when the operator was set as not approved","","","emits an approval event",""
"passed","Fri Apr 08 01:05:42 GMT 2022","Fri Apr 08 01:05:45 GMT 2022","2894","Contract: ERC721Enumerable","with minted tokens","approve > when approving a non-zero address > when there was a prior approval to the same address","","","emits an approval event",""
"passed","Fri Apr 08 00:53:23 GMT 2022","Fri Apr 08 00:53:33 GMT 2022","10449","Contract: ERC721Enumerable","with minted tokens","transfers > via transferFrom > when called by the owner without an approved user","","","emits an Approval event",""
"passed","Fri Apr 08 01:03:14 GMT 2022","Fri Apr 08 01:03:19 GMT 2022","4655","Contract: ERC721Enumerable","with minted tokens","transfers > via safeTransferFrom > without data > to a valid receiver contract > when called by the operator","","","clears the approval for the token ID",""
"passed","Fri Apr 08 00:45:13 GMT 2022","Fri Apr 08 00:45:16 GMT 2022","3163","Contract: TransparentUpgradeableProxy","initialization with parameters","non payable > when not sending balance","","","has expected balance",""
"passed","Fri Apr 08 00:53:48 GMT 2022","Fri Apr 08 00:53:50 GMT 2022","2034","Contract: ERC165Checker","ERC165 not supported","","","","does not support mock interface via getSupportedInterfaces",""
"passed","Fri Apr 08 00:55:45 GMT 2022","Fri Apr 08 00:55:47 GMT 2022","1447","Contract: SafeMath","memory leakage","","","","div",""
"passed","Fri Apr 08 00:56:31 GMT 2022","Fri Apr 08 00:56:38 GMT 2022","7749","Contract: EnumerableSet","EnumerableAddressSet","remove","","","adds and removes multiple values",""
"passed","Fri Apr 08 00:44:07 GMT 2022","Fri Apr 08 00:44:12 GMT 2022","5004","Contract: UpgradeableBeacon","once deployed","","","","can be upgraded by the owner",""
"passed","Fri Apr 08 00:54:41 GMT 2022","Fri Apr 08 00:54:42 GMT 2022","1193","Contract: SignedSafeMath","add","","","","reverts on negative addition overflow",""
"passed","Fri Apr 08 01:04:27 GMT 2022","Fri Apr 08 01:04:31 GMT 2022","3885","Contract: ERC721Enumerable","with minted tokens","transfers > via safeTransferFrom > without data > to a valid receiver contract > when the sender is not authorized for the token id","","","reverts",""
"passed","Fri Apr 08 00:58:20 GMT 2022","Fri Apr 08 00:58:24 GMT 2022","4230","Contract: ERC721Enumerable","with minted tokens","transfers > via safeTransferFrom > with data > to a valid receiver contract > when called by the approved individual","","","adjusts owners balances",""
"passed","Fri Apr 08 00:54:48 GMT 2022","Fri Apr 08 00:54:50 GMT 2022","1275","Contract: SafeMath","with flag","mod > modulos correctly","","","when the dividend is smaller than the divisor",""
"passed","Fri Apr 08 00:54:36 GMT 2022","Fri Apr 08 00:54:41 GMT 2022","4819","Contract: ERC165Checker","ERC165 and many interfaces supported","","","","supports all interfaceIds via getSupportedInterfaces",""
"passed","Fri Apr 08 00:46:10 GMT 2022","Fri Apr 08 00:46:12 GMT 2022","1731","Contract: ERC1155PresetMinterPauser","","","","","deployer has the pauser role",""
"passed","Fri Apr 08 00:47:15 GMT 2022","Fri Apr 08 00:47:17 GMT 2022","1985","Contract: ERC20Permit","","","","","initial nonce is 0",""
"passed","Fri Apr 08 00:53:16 GMT 2022","Fri Apr 08 00:53:17 GMT 2022","144","Contract: RefundEscrow","","","","","requires a non-null beneficiary",""
"passed","Fri Apr 08 00:47:46 GMT 2022","Fri Apr 08 00:47:49 GMT 2022","2793","Contract: ERC20Capped","once deployed","capped token","","","fails to mint after cap is reached",""
"skipped","Fri Apr 08 00:43:14 GMT 2022","Fri Apr 08 00:43:14 GMT 2022","0","Contract: TimelockController","methods","batch > execute > with scheduled operation > on time","","","prevent non-executor from revealing",""
"passed","Fri Apr 08 00:52:13 GMT 2022","Fri Apr 08 00:52:15 GMT 2022","2147","Contract: ERC721PresetMinterPauserAutoId","Contract interface","ERC721 > setApprovalForAll(address,bool)","","","has to be implemented",""
"passed","Fri Apr 08 00:55:33 GMT 2022","Fri Apr 08 00:55:37 GMT 2022","4083","Contract: StorageSlot","uint256 storage slot","get","","","from right slot",""
"passed","Fri Apr 08 00:45:29 GMT 2022","Fri Apr 08 00:45:37 GMT 2022","8445","Contract: GovernorTimelockCompound","Contract interface","Governor > castVote(uint256,uint8)","","","has to be implemented",""
"passed","Fri Apr 08 00:44:25 GMT 2022","Fri Apr 08 00:44:34 GMT 2022","9745","Contract: GovernorTimelockCompound","Contract interface","Governor > votingDelay()","","","has to be implemented",""
"passed","Fri Apr 08 00:55:14 GMT 2022","Fri Apr 08 00:55:16 GMT 2022","1816","Contract: SafeCast","toUint256","","","","casts 1",""
"passed","Fri Apr 08 01:05:58 GMT 2022","Fri Apr 08 01:06:00 GMT 2022","2408","Contract: ERC721","with minted tokens","approve > when the sender is approved for the given token ID","","","reverts",""
"passed","Fri Apr 08 00:44:04 GMT 2022","Fri Apr 08 00:44:04 GMT 2022","147","Contract: UpgradeableBeacon","","","","","cannot be created with non-contract implementation",""
"passed","Fri Apr 08 00:43:19 GMT 2022","Fri Apr 08 00:43:25 GMT 2022","6305","Contract: PaymentSplitter","once deployed","distributes funds to payees","","","Ether",""
"passed","Fri Apr 08 00:52:10 GMT 2022","Fri Apr 08 00:52:19 GMT 2022","9066","Contract: ERC20","erc20 behaviour","approve > when the spender is not the zero address > when the sender does not have enough balance","","","emits an approval event",""
"passed","Fri Apr 08 01:04:39 GMT 2022","Fri Apr 08 01:04:43 GMT 2022","3869","Contract: ERC721Enumerable","with minted tokens","transfers > via safeTransferFrom > without data > to a valid receiver contract > with an invalid token id","","","reverts",""
"passed","Fri Apr 08 00:56:30 GMT 2022","Fri Apr 08 00:56:31 GMT 2022","1217","Contract: SafeCast","toInt128","","","","reverts when downcasting -2^127 - 2 (-170141183460469231731687303715884105730)",""
"passed","Fri Apr 08 00:44:30 GMT 2022","Fri Apr 08 00:44:34 GMT 2022","3994","Contract: Clones","clone","initialization with parameters > payable > when not sending balance","","","initializes the proxy",""
"passed","Fri Apr 08 00:51:56 GMT 2022","Fri Apr 08 00:51:58 GMT 2022","1988","Contract: ERC721PresetMinterPauserAutoId","","","","","minter role admin is the default admin",""
"passed","Fri Apr 08 00:53:23 GMT 2022","Fri Apr 08 00:53:25 GMT 2022","2110","Contract: RefundEscrow","once deployed","active state","","","accepts deposits",""
"skipped","Fri Apr 08 00:43:14 GMT 2022","Fri Apr 08 00:43:14 GMT 2022","0","Contract: TimelockController","methods","batch > execute > with scheduled operation > on time","","","length mismatch #2",""
"passed","Fri Apr 08 00:47:46 GMT 2022","Fri Apr 08 00:47:56 GMT 2022","9987","Contract: GovernorTimelockControl","Contract interface","GovernorTimelock > ERC165's supportsInterface(bytes4)","","","claims support [skip-on-coverage]",""
"skipped","Fri Apr 08 00:48:27 GMT 2022","Fri Apr 08 00:48:27 GMT 2022","0","Contract: ERC20Votes","Compound test suite","numCheckpoints","","","does not add more than one checkpoint in a block",""
"passed","Fri Apr 08 01:06:23 GMT 2022","Fri Apr 08 01:06:27 GMT 2022","3656","Contract: ERC721Enumerable","with minted tokens","setApprovalForAll > when the operator willing to approve is not the owner > when the operator was already approved","","","emits an approval event",""
"passed","Fri Apr 08 01:01:04 GMT 2022","Fri Apr 08 01:01:08 GMT 2022","3436","Contract: ERC721Enumerable","with minted tokens","transfers > via safeTransferFrom > without data > to a user account > when called by the operator","","","adjusts owners balances",""
"passed","Fri Apr 08 01:07:41 GMT 2022","Fri Apr 08 01:07:44 GMT 2022","3254","Contract: ERC721Enumerable","with minted tokens","tokenByIndex","","","returns all tokens after burning token 79217 and minting new tokens",""
"passed","Fri Apr 08 01:06:48 GMT 2022","Fri Apr 08 01:06:51 GMT 2022","2561","Contract: ERC721Enumerable","_burn","with minted tokens > with burnt token","","","deletes the token",""
"passed","Fri Apr 08 00:51:28 GMT 2022","Fri Apr 08 00:51:38 GMT 2022","9538","Contract: ERC721Enumerable","with minted tokens","transfers > via transferFrom > when called by the owner","","","emits an Approval event",""
"passed","Fri Apr 08 01:01:11 GMT 2022","Fri Apr 08 01:01:14 GMT 2022","3653","Contract: ERC721","with minted tokens","transfers > via safeTransferFrom > without data > to a user account > when called by the operator","","","adjusts owners tokens by index",""
"passed","Fri Apr 08 00:42:56 GMT 2022","Fri Apr 08 00:42:58 GMT 2022","1773","Contract: AccessControl","granting","","","","non-admin cannot grant role to other accounts",""
"passed","Fri Apr 08 00:54:13 GMT 2022","Fri Apr 08 00:54:21 GMT 2022","8556","Contract: ConditionalEscrow","when withdrawal is allowed","as an escrow > deposits","","","can add multiple deposits on a single account",""
"passed","Fri Apr 08 00:56:48 GMT 2022","Fri Apr 08 00:56:52 GMT 2022","3904","Contract: ERC721Enumerable","with minted tokens","transfers > via safeTransferFrom > with data > to a user account > when called by the owner without an approved user","","","adjusts owners balances",""
"passed","Fri Apr 08 00:43:24 GMT 2022","Fri Apr 08 00:43:30 GMT 2022","6512","Contract: ERC2771Context","when called directly","msgSender","","","returns the transaction sender when from another contract",""
"passed","Fri Apr 08 00:51:56 GMT 2022","Fri Apr 08 00:52:05 GMT 2022","9104","Contract: ERC721Holder","","","","","receives an ERC721 token",""
"passed","Fri Apr 08 00:51:22 GMT 2022","Fri Apr 08 00:51:43 GMT 2022","21443","Contract: Governor","scenario","vote not over","","","run",""
"passed","Fri Apr 08 00:45:26 GMT 2022","Fri Apr 08 00:45:29 GMT 2022","2682","Contract: TransparentUpgradeableProxy","initialization with parameters","payable > when sending some balance","","","has expected balance",""
"passed","Fri Apr 08 01:03:28 GMT 2022","Fri Apr 08 01:03:33 GMT 2022","4650","Contract: ERC721","with minted tokens","transfers > via safeTransferFrom > without data > to a valid receiver contract > when called by the operator","","","adjusts owners balances",""
"passed","Fri Apr 08 00:54:09 GMT 2022","Fri Apr 08 00:54:13 GMT 2022","3388","Contract: ERC165Checker","ERC165 and single interface supported","","","","supports mock interface via supportsInterface",""
"passed","Fri Apr 08 00:44:00 GMT 2022","Fri Apr 08 00:44:04 GMT 2022","3606","Contract: BeaconProxy","","","","","upgrade a proxy by upgrading its beacon",""
"passed","Fri Apr 08 00:56:25 GMT 2022","Fri Apr 08 00:56:27 GMT 2022","1038","Contract: SafeCast","toInt128","","","","downcasts -1",""
"passed","Fri Apr 08 00:55:14 GMT 2022","Fri Apr 08 00:55:15 GMT 2022","1371","Contract: SafeMath","with default revert message","mod","","","reverts with a 0 divisor",""
"passed","Fri Apr 08 00:42:55 GMT 2022","Fri Apr 08 00:42:58 GMT 2022","2528","Contract: PaymentSplitter","once deployed","shares","","","stores shares if address is payee",""
"skipped","Fri Apr 08 00:43:14 GMT 2022","Fri Apr 08 00:43:14 GMT 2022","0","Contract: TimelockController","methods","batch > execute > with scheduled operation > on time","","","executor can reveal",""
"passed","Fri Apr 08 00:46:09 GMT 2022","Fri Apr 08 00:46:10 GMT 2022","1635","Contract: ERC1155PresetMinterPauser","","","","","deployer has the minter role",""
"passed","Fri Apr 08 00:50:02 GMT 2022","Fri Apr 08 00:50:04 GMT 2022","2084","Contract: ERC20","_approve","when the spender is not the zero address > when the sender does not have enough balance > when there was no approved amount before","","","approves the requested amount",""
"passed","Fri Apr 08 01:01:12 GMT 2022","Fri Apr 08 01:01:16 GMT 2022","4121","Contract: ERC721Enumerable","with minted tokens","transfers > via safeTransferFrom > without data > to a user account > when called by the owner without an approved user","","","transfers the ownership of the given token ID to the given address",""
"passed","Fri Apr 08 00:55:39 GMT 2022","Fri Apr 08 00:55:43 GMT 2022","3274","Contract: EnumerableMap","set","","","","adds several keys",""
"passed","Fri Apr 08 00:54:41 GMT 2022","Fri Apr 08 00:54:45 GMT 2022","4151","Contract: ERC721Enumerable","with minted tokens","transfers > via transferFrom > when the address to transfer the token to is the zero address","","","reverts",""
"passed","Fri Apr 08 00:46:11 GMT 2022","Fri Apr 08 00:46:21 GMT 2022","10056","Contract: GovernorTimelockCompound","Contract interface","GovernorTimelock > ERC165's supportsInterface(bytes4)","","","claims support [skip-on-coverage]",""
"passed","Fri Apr 08 00:53:11 GMT 2022","Fri Apr 08 00:53:12 GMT 2022","1250","Contract: ECDSA","recover with valid signature","with v1 signature","","","reverts with 01 as version value",""
"passed","Fri Apr 08 00:54:40 GMT 2022","Fri Apr 08 00:54:42 GMT 2022","1441","Contract: SafeCast","toUint32","","","","reverts when downcasting 2^32 + 1 (4294967297)",""
"passed","Fri Apr 08 00:53:18 GMT 2022","Fri Apr 08 00:53:23 GMT 2022","4546","Contract: Address","functionCallWithValue","with non-zero value","","","calls the requested function with existing value",""
"passed","Fri Apr 08 00:54:48 GMT 2022","Fri Apr 08 00:54:49 GMT 2022","1210","Contract: SafeCast","toUint96","","","","downcasts 0",""
"passed","Fri Apr 08 00:47:02 GMT 2022","Fri Apr 08 00:47:06 GMT 2022","4051","Contract: ERC1155PresetMinterPauser","minting","","","","other accounts cannot mint tokens",""
"passed","Fri Apr 08 00:48:34 GMT 2022","Fri Apr 08 00:48:45 GMT 2022","11053","Contract: ERC20Snapshot","totalSupplyAt","with initial snapshot > with supply changes after the snapshot","","","returns the total supply before the changes",""
"passed","Fri Apr 08 01:06:54 GMT 2022","Fri Apr 08 01:06:56 GMT 2022","2511","Contract: ERC721","_burn","with minted tokens > with burnt token","","","reverts when burning a token id that has been deleted",""
"passed","Fri Apr 08 00:55:22 GMT 2022","Fri Apr 08 00:55:23 GMT 2022","1135","Contract: SafeMath","with custom revert message","sub","","","subtracts correctly",""
"passed","Fri Apr 08 00:44:10 GMT 2022","Fri Apr 08 00:44:13 GMT 2022","3035","Contract: Clones","clone","initialization without parameters > non payable > when not sending balance","","","has expected balance",""
"passed","Fri Apr 08 01:01:26 GMT 2022","Fri Apr 08 01:01:29 GMT 2022","3746","Contract: ERC721","with minted tokens","transfers > via safeTransferFrom > without data > to a user account > when called by the owner without an approved user","","","emits an Approval event",""
"passed","Fri Apr 08 00:52:38 GMT 2022","Fri Apr 08 00:52:41 GMT 2022","3117","Contract: Context","msgData","","","","returns the transaction sender when from another contract",""
"passed","Fri Apr 08 00:43:21 GMT 2022","Fri Apr 08 00:43:24 GMT 2022","2747","Contract: AccessControl","renouncing","with granted role","","","bearer can renounce role",""
"passed","Fri Apr 08 00:45:13 GMT 2022","Fri Apr 08 00:45:17 GMT 2022","3394","Contract: Pausable","when unpaused","when paused > unpausing","","","is unpausable by the pauser",""
"passed","Fri Apr 08 00:45:17 GMT 2022","Fri Apr 08 00:45:19 GMT 2022","2824","Contract: PullPayment","payments","","","","can add balances on multiple accounts",""
"passed","Fri Apr 08 00:54:30 GMT 2022","Fri Apr 08 00:54:32 GMT 2022","2549","Contract: SafeMath","with flag","sub","","","subtracts correctly",""
"passed","Fri Apr 08 00:48:55 GMT 2022","Fri Apr 08 00:48:58 GMT 2022","2507","Contract: ERC20","increase allowance","when the spender is not the zero address > when the sender does not have enough balance","","","emits an approval event",""
"passed","Fri Apr 08 01:06:29 GMT 2022","Fri Apr 08 01:06:31 GMT 2022","2150","Contract: ERC721","with minted tokens","setApprovalForAll > when the operator is the owner","","","reverts",""
"passed","Fri Apr 08 00:50:53 GMT 2022","Fri Apr 08 00:51:00 GMT 2022","6804","Contract: ERC721Enumerable","with minted tokens","ownerOf > when the given token ID was tracked by this token","","","returns the owner of the given token ID",""
"passed","Fri Apr 08 00:54:29 GMT 2022","Fri Apr 08 00:54:32 GMT 2022","2598","Contract: SafeCast","toUint32","","","","downcasts 0",""
"passed","Fri Apr 08 00:55:53 GMT 2022","Fri Apr 08 00:55:56 GMT 2022","2570","Contract: EnumerableSet","EnumerableBytes32Set","remove","","","removes added values",""
"passed","Fri Apr 08 00:46:21 GMT 2022","Fri Apr 08 00:46:23 GMT 2022","2133","Contract: ERC1155PresetMinterPauser","Contract interface","ERC1155 > balanceOfBatch(address[],uint256[])","","","has to be implemented",""
"passed","Fri Apr 08 00:50:20 GMT 2022","Fri Apr 08 00:50:22 GMT 2022","1525","Contract: ERC721Enumerable","Contract interface","ERC721 > ERC165's supportsInterface(bytes4)","","","claims support [skip-on-coverage]",""
"passed","Fri Apr 08 00:43:55 GMT 2022","Fri Apr 08 00:43:55 GMT 2022","1","migrate-imports.js","","","","","replaces import paths in a file",""
"passed","Fri Apr 08 01:05:51 GMT 2022","Fri Apr 08 01:05:53 GMT 2022","2249","Contract: ERC721Enumerable","with minted tokens","approve > when the address that receives the approval is the owner","","","reverts",""
"passed","Fri Apr 08 01:04:34 GMT 2022","Fri Apr 08 01:04:38 GMT 2022","4177","Contract: ERC721","with minted tokens","transfers > via safeTransferFrom > without data > to a valid receiver contract > when the given token ID does not exist","","","reverts",""
"broken","Fri Apr 08 00:51:53 GMT 2022","Fri Apr 08 00:51:53 GMT 2022","1","Contract: GovernorTimelockControl","updateTimelock","using workflow","","","""after each"" hook for ""run""",""
"passed","Fri Apr 08 00:46:34 GMT 2022","Fri Apr 08 00:46:36 GMT 2022","2376","Contract: ERC1155PresetMinterPauser","Contract interface","ERC1155 > safeBatchTransferFrom(address,address,uint256[],uint256[],bytes)","","","has to be implemented",""
"passed","Fri Apr 08 00:56:09 GMT 2022","Fri Apr 08 00:56:14 GMT 2022","4518","Contract: ERC721","with minted tokens","transfers > via safeTransferFrom > with data > to a user account > when called by the operator","","","emits a Transfer event",""
"passed","Fri Apr 08 00:56:37 GMT 2022","Fri Apr 08 00:56:38 GMT 2022","1147","Contract: SafeCast","toInt256","","","","casts INT256_MAX (57896044618658097711785492504343953926634992332820282019728792003956564819967)",""
"passed","Fri Apr 08 01:06:45 GMT 2022","Fri Apr 08 01:06:48 GMT 2022","2485","Contract: ERC721Enumerable","_burn","with minted tokens > with burnt token","","","emits an Approval event",""
"passed","Fri Apr 08 00:47:44 GMT 2022","Fri Apr 08 00:47:46 GMT 2022","1625","Contract: ERC20Burnable","burn","when the given amount is greater than the balance of the sender","","","reverts",""
"passed","Fri Apr 08 00:49:48 GMT 2022","Fri Apr 08 00:49:51 GMT 2022","3315","Contract: ERC20","_transfer","when the sender is the zero address","","","reverts",""
"passed","Fri Apr 08 00:47:57 GMT 2022","Fri Apr 08 00:47:59 GMT 2022","2131","Contract: ERC20","approve","when the spender is not the zero address > when the sender does not have enough balance","","","emits an approval event",""
"passed","Fri Apr 08 00:48:45 GMT 2022","Fri Apr 08 00:48:51 GMT 2022","5704","Contract: ERC20Snapshot","totalSupplyAt","with initial snapshot > with supply changes after the snapshot > with a second snapshot after supply changes","","","snapshots return the supply before and after the changes",""
"passed","Fri Apr 08 00:48:10 GMT 2022","Fri Apr 08 00:48:23 GMT 2022","12733","Contract: GovernorTimelockControl","Contract interface","GovernorTimelock > proposalEta(uint256)","","","has to be implemented",""
"passed","Fri Apr 08 01:05:21 GMT 2022","Fri Apr 08 01:05:23 GMT 2022","2114","Contract: ERC721Enumerable","with minted tokens","safe mint > via safeMint > to a contract that does not implement the required function","","","reverts",""
"passed","Fri Apr 08 00:46:03 GMT 2022","Fri Apr 08 00:46:06 GMT 2022","3429","Contract: ERC1155","like an ERC1155","safeTransferFrom","","","reverts when transferring more than balance",""
"passed","Fri Apr 08 00:42:49 GMT 2022","Fri Apr 08 00:42:56 GMT 2022","7101","Contract: GovernorTimelockControl","Contract interface","ERC165 > ERC165's supportsInterface(bytes4)","","","uses less than 30k gas [skip-on-coverage]",""
"skipped","Fri Apr 08 00:42:49 GMT 2022","Fri Apr 08 00:42:49 GMT 2022","0","Contract: GovernorTimelockControl","","","","","post deployment check",""
"passed","Fri Apr 08 00:49:35 GMT 2022","Fri Apr 08 00:49:36 GMT 2022","1524","Contract: SafeERC20","with address that has no contract code","","","","reverts on approve",""
"passed","Fri Apr 08 00:55:33 GMT 2022","Fri Apr 08 00:55:36 GMT 2022","2605","Contract: SafeMath","with custom revert message","mod","","","reverts with a 0 divisor",""
"passed","Fri Apr 08 00:45:11 GMT 2022","Fri Apr 08 00:45:19 GMT 2022","8115","Contract: Governor","Contract interface","Governor > proposalDeadline(uint256)","","","has to be implemented",""
"passed","Fri Apr 08 01:07:38 GMT 2022","Fri Apr 08 01:07:41 GMT 2022","3462","Contract: ERC721Enumerable","with minted tokens","tokenByIndex","","","returns all tokens after burning token 5042 and minting new tokens",""
"passed","Fri Apr 08 00:50:26 GMT 2022","Fri Apr 08 00:50:29 GMT 2022","2461","Contract: ERC721Enumerable","Contract interface","ERC721 > approve(address,uint256)","","","has to be implemented",""
"passed","Fri Apr 08 01:03:01 GMT 2022","Fri Apr 08 01:03:06 GMT 2022","5461","Contract: ERC721","with minted tokens","transfers > via safeTransferFrom > without data > to a valid receiver contract > when called by the approved individual","","","adjusts owners balances",""
"skipped","Fri Apr 08 00:43:14 GMT 2022","Fri Apr 08 00:43:14 GMT 2022","0","Contract: TimelockController","methods","simple > schedule","","","prevent overwritting active operation",""
"passed","Fri Apr 08 00:44:13 GMT 2022","Fri Apr 08 00:44:15 GMT 2022","2256","Contract: Clones","clone","initialization without parameters > non payable > when sending some balance","","","reverts",""
"passed","Fri Apr 08 01:01:48 GMT 2022","Fri Apr 08 01:01:51 GMT 2022","3845","Contract: ERC721","with minted tokens","transfers > via safeTransferFrom > without data > to a user account > when sent to the owner","","","keeps the owner balance",""
"passed","Fri Apr 08 00:49:07 GMT 2022","Fri Apr 08 00:49:09 GMT 2022","2299","Contract: ERC20","_mint","for a non zero account","","","increments totalSupply",""
"passed","Fri Apr 08 00:53:46 GMT 2022","Fri Apr 08 00:53:49 GMT 2022","3283","Contract: RefundEscrow","once deployed","closed state","","","allows beneficiary withdrawal",""
"passed","Fri Apr 08 00:54:52 GMT 2022","Fri Apr 08 00:54:53 GMT 2022","1272","Contract: SignedSafeMath","div","","","","divides correctly",""
"passed","Fri Apr 08 00:43:25 GMT 2022","Fri Apr 08 00:43:37 GMT 2022","12149","Contract: PaymentSplitter","once deployed","distributes funds to payees","","","Token",""
"passed","Fri Apr 08 00:44:57 GMT 2022","Fri Apr 08 00:45:00 GMT 2022","3411","Contract: Pausable","when unpaused","","","","can perform normal process in non-pause",""
"passed","Fri Apr 08 00:54:55 GMT 2022","Fri Apr 08 00:54:56 GMT 2022","1603","Contract: SafeMath","with default revert message","add","","","reverts on addition overflow",""
"passed","Fri Apr 08 00:43:24 GMT 2022","Fri Apr 08 00:43:32 GMT 2022","7896","Contract: GovernorTimelockCompound","Contract interface","Governor > name()","","","has to be implemented",""
"passed","Fri Apr 08 00:45:50 GMT 2022","Fri Apr 08 00:45:53 GMT 2022","3378","Contract: ERC1155","like an ERC1155","setApprovalForAll","","","emits an ApprovalForAll log",""
"passed","Fri Apr 08 01:06:05 GMT 2022","Fri Apr 08 01:06:08 GMT 2022","2480","Contract: ERC721Enumerable","with minted tokens","setApprovalForAll > when the operator willing to approve is not the owner > when there is no operator approval set by the sender","","","approves the operator",""
"passed","Fri Apr 08 00:49:01 GMT 2022","Fri Apr 08 00:49:22 GMT 2022","21346","Contract: GovernorTimelockControl","executed by other proposer","","","","run",""
"passed","Fri Apr 08 00:44:12 GMT 2022","Fri Apr 08 00:44:16 GMT 2022","4224","Contract: BeaconProxy","initialization","","","","no initialization",""
"passed","Fri Apr 08 00:53:43 GMT 2022","Fri Apr 08 00:53:46 GMT 2022","3698","Contract: Escrow","as an escrow","withdrawals","","","can do an empty withdrawal",""
"skipped","Fri Apr 08 00:48:24 GMT 2022","Fri Apr 08 00:48:24 GMT 2022","0","Contract: ERC20VotesComp","getPastTotalSupply","","","","returns 0 if there are no checkpoints",""
"passed","Fri Apr 08 00:44:16 GMT 2022","Fri Apr 08 00:44:18 GMT 2022","1336","Contract: ERC1967Proxy","without initialization","when sending some balance","","","has expected balance",""
"broken","Fri Apr 08 00:44:12 GMT 2022","Fri Apr 08 00:44:12 GMT 2022","436","Ethers.js","","","","","testQueryHistoricEvents",""
"passed","Fri Apr 08 00:49:06 GMT 2022","Fri Apr 08 00:49:11 GMT 2022","4505","Contract: ERC20","withdraw","","","","missing balance",""
"passed","Fri Apr 08 01:06:23 GMT 2022","Fri Apr 08 01:06:26 GMT 2022","2963","Contract: ERC721","with minted tokens","setApprovalForAll > when the operator willing to approve is not the owner > when the operator was already approved","","","keeps the approval to the given address",""
"skipped","Fri Apr 08 00:56:23 GMT 2022","Fri Apr 08 00:56:23 GMT 2022","0","Contract: Governor","Settings update","update protected","","","setProposalThreshold",""
"passed","Fri Apr 08 00:47:27 GMT 2022","Fri Apr 08 00:47:32 GMT 2022","5020","Contract: ERC1155PresetMinterPauser","burning","","","","holders can burn their tokens",""
"passed","Fri Apr 08 00:48:58 GMT 2022","Fri Apr 08 00:49:03 GMT 2022","5276","Contract: ERC1155","like an ERC1155","safeBatchTransferFrom > when called by an operator on behalf of the multiTokenHolder > when operator is approved by multiTokenHolder","","","debits transferred balances from sender",""
"broken","Fri Apr 08 00:44:06 GMT 2022","Fri Apr 08 00:44:07 GMT 2022","659","Ethers.js","","","","","shouldCreateAcccountWithEthersJs",""
"passed","Fri Apr 08 00:54:48 GMT 2022","Fri Apr 08 00:54:52 GMT 2022","4084","Contract: ERC721","with minted tokens","transfers > via safeTransferFrom > with data > to a user account > when called by the owner","","","emits a Transfer event",""
"passed","Fri Apr 08 00:55:15 GMT 2022","Fri Apr 08 00:55:21 GMT 2022","6070","Contract: ERC721","with minted tokens","transfers > via safeTransferFrom > with data > to a user account > when called by the owner","","","adjusts owners tokens by index",""
"passed","Fri Apr 08 00:46:07 GMT 2022","Fri Apr 08 00:46:11 GMT 2022","3582","Contract: ERC1155Supply","after burn","batch","","","exist",""
"skipped","Fri Apr 08 00:48:24 GMT 2022","Fri Apr 08 00:48:24 GMT 2022","0","Contract: ERC20VotesComp","Compound test suite","getPriorVotes","","","generally returns the voting balance at the appropriate checkpoint",""
"passed","Fri Apr 08 00:58:48 GMT 2022","Fri Apr 08 00:58:53 GMT 2022","5104","Contract: ERC721Enumerable","with minted tokens","transfers > via safeTransferFrom > with data > to a valid receiver contract > when called by the operator","","","adjusts owners balances",""
"passed","Fri Apr 08 00:54:41 GMT 2022","Fri Apr 08 00:54:43 GMT 2022","2448","Contract: ERC165Checker","ERC165 and many interfaces supported","","","","supports none of the interfaces queried via getSupportedInterfaces",""
"passed","Fri Apr 08 00:48:25 GMT 2022","Fri Apr 08 00:48:26 GMT 2022","1432","Contract: ERC20","decrease allowance","when the spender is not the zero address > when the sender does not have enough balance > when there was no approved amount before","","","reverts",""
"passed","Fri Apr 08 00:50:26 GMT 2022","Fri Apr 08 00:50:28 GMT 2022","2552","Contract: ERC721","Contract interface","ERC721 > ownerOf(uint256)","","","has to be implemented",""
"passed","Fri Apr 08 00:48:31 GMT 2022","Fri Apr 08 00:48:42 GMT 2022","10289","Contract: ERC20Pausable","pausable token","transfer from","","","allows to transfer when paused and then unpaused",""
"passed","Fri Apr 08 00:53:57 GMT 2022","Fri Apr 08 00:53:59 GMT 2022","2448","Contract: ERC165Storage","Contract interface","ERC165 > ERC165's supportsInterface(bytes4)","","","claims support [skip-on-coverage]",""
"passed","Fri Apr 08 00:58:05 GMT 2022","Fri Apr 08 00:58:10 GMT 2022","4549","Contract: ERC721","with minted tokens","transfers > via safeTransferFrom > with data > to a valid receiver contract > when called by the approved individual","","","transfers the ownership of the given token ID to the given address",""
"passed","Fri Apr 08 00:46:52 GMT 2022","Fri Apr 08 00:47:05 GMT 2022","13055","Contract: TransparentUpgradeableProxy","upgradeToAndCall","with migrations > when the sender is the admin > when upgrading to V1 > when upgrading to V2 > when upgrading to V3","","","calls the 'migrate' function and sends given value to the proxy",""
"passed","Fri Apr 08 00:56:31 GMT 2022","Fri Apr 08 00:56:36 GMT 2022","4244","Contract: ERC721","with minted tokens","transfers > via safeTransferFrom > with data > to a user account > when called by the owner without an approved user","","","transfers the ownership of the given token ID to the given address",""
"passed","Fri Apr 08 00:55:16 GMT 2022","Fri Apr 08 00:55:37 GMT 2022","20229","Contract: Governor","Settings update","setVotingPeriod","","","run",""
"passed","Fri Apr 08 00:44:54 GMT 2022","Fri Apr 08 00:44:57 GMT 2022","2589","Contract: TransparentUpgradeableProxy","initialization without parameters","payable > when not sending balance","","","initializes the proxy",""
"skipped","Fri Apr 08 00:42:49 GMT 2022","Fri Apr 08 00:42:49 GMT 2022","1","Contract: GovernorTimelockControl","","","","","doesn't accept ether transfers",""
"passed","Fri Apr 08 01:06:58 GMT 2022","Fri Apr 08 01:07:00 GMT 2022","1244","Contract: ERC721","Contract interface","ERC721Metadata > name()","","","has to be implemented",""
"passed","Fri Apr 08 00:54:50 GMT 2022","Fri Apr 08 00:55:16 GMT 2022","26036","Contract: Governor","Settings update","setVotingDelay","","","run",""
"passed","Fri Apr 08 00:55:35 GMT 2022","Fri Apr 08 00:55:37 GMT 2022","2091","Contract: SafeCast","toInt8","","","","reverts when downcasting 2^7 + 1 (129)",""
"skipped","Fri Apr 08 00:48:27 GMT 2022","Fri Apr 08 00:48:27 GMT 2022","0","Contract: ERC20Votes","transfers","","","","receiver delegation",""
"passed","Fri Apr 08 01:06:18 GMT 2022","Fri Apr 08 01:06:20 GMT 2022","2815","Contract: ERC721","with minted tokens","setApprovalForAll > when the operator willing to approve is not the owner > when the operator was set as not approved","","","emits an approval event",""
"passed","Fri Apr 08 00:54:10 GMT 2022","Fri Apr 08 00:54:12 GMT 2022","2264","Contract: ERC165","Contract interface","ERC165 > supportsInterface(bytes4)","","","has to be implemented",""
"passed","Fri Apr 08 00:53:06 GMT 2022","Fri Apr 08 00:53:08 GMT 2022","1756","Contract: ERC721PresetMinterPauserAutoId","pausing","","","","cannot mint while paused",""
"passed","Fri Apr 08 00:55:05 GMT 2022","Fri Apr 08 00:55:06 GMT 2022","1241","Contract: SafeMath","with default revert message","mul","","","reverts on multiplication overflow",""
"passed","Fri Apr 08 00:56:00 GMT 2022","Fri Apr 08 00:56:05 GMT 2022","4154","Contract: SafeCast","toInt32","","","","reverts when downcasting -2^31 - 2 (-2147483650)",""
"passed","Fri Apr 08 00:51:51 GMT 2022","Fri Apr 08 00:51:53 GMT 2022","1995","Contract: ERC721PresetMinterPauserAutoId","","","","","deployer has the default admin role",""
"passed","Fri Apr 08 01:00:41 GMT 2022","Fri Apr 08 01:00:44 GMT 2022","3307","Contract: ERC721Enumerable","with minted tokens","transfers > via safeTransferFrom > without data > to a user account > when called by the approved individual","","","emits an Approval event",""
"passed","Fri Apr 08 01:03:52 GMT 2022","Fri Apr 08 01:03:57 GMT 2022","4626","Contract: ERC721Enumerable","with minted tokens","transfers > via safeTransferFrom > without data > to a valid receiver contract > when called by the owner without an approved user","","","adjusts owners balances",""
"passed","Fri Apr 08 00:53:53 GMT 2022","Fri Apr 08 00:53:55 GMT 2022","2030","Contract: ERC165Storage","","","","","register interface",""
"passed","Fri Apr 08 00:42:47 GMT 2022","Fri Apr 08 00:42:48 GMT 2022","1205","Contract: Ownable","transfer ownership","","","","guards ownership against stuck state",""
"passed","Fri Apr 08 01:01:20 GMT 2022","Fri Apr 08 01:01:23 GMT 2022","3718","Contract: ERC721Enumerable","with minted tokens","transfers > via safeTransferFrom > without data > to a user account > when called by the owner without an approved user","","","clears the approval for the token ID",""
"passed","Fri Apr 08 00:50:58 GMT 2022","Fri Apr 08 00:51:04 GMT 2022","6426","Contract: SafeERC20","with token that returns no boolean values","approvals > with zero allowance","","","doesn't revert when approving a non-zero allowance",""
"passed","Fri Apr 08 00:47:23 GMT 2022","Fri Apr 08 00:47:25 GMT 2022","2187","Contract: ERC20Permit","permit","","","","rejects other signature",""
"passed","Fri Apr 08 00:55:19 GMT 2022","Fri Apr 08 00:55:21 GMT 2022","1598","Contract: SafeCast","toUint256","","","","reverts when casting INT256_MIN (-57896044618658097711785492504343953926634992332820282019728792003956564819968)",""
"skipped","Fri Apr 08 00:54:50 GMT 2022","Fri Apr 08 00:54:50 GMT 2022","0","Contract: Governor","Proposal length","","","","missmatch #2",""
"passed","Fri Apr 08 00:52:46 GMT 2022","Fri Apr 08 00:52:47 GMT 2022","1888","Contract: EIP712","","","","","digest",""
"passed","Fri Apr 08 01:05:28 GMT 2022","Fri Apr 08 01:05:31 GMT 2022","2948","Contract: ERC721Enumerable","with minted tokens","approve > when clearing approval > when there was a prior approval","","","clears approval for the token",""
"passed","Fri Apr 08 00:52:10 GMT 2022","Fri Apr 08 00:52:31 GMT 2022","20775","Contract: Governor","state","Defeated","","","run",""
"passed","Fri Apr 08 00:50:04 GMT 2022","Fri Apr 08 00:50:07 GMT 2022","2469","Contract: ERC20","_approve","when the spender is not the zero address > when the sender does not have enough balance > when the spender had an approved amount","","","approves the requested amount and replaces the previous one",""
"passed","Fri Apr 08 00:44:17 GMT 2022","Fri Apr 08 00:44:19 GMT 2022","1797","Contract: Clones","clone","initialization without parameters > payable > when not sending balance","","","has expected balance",""
"passed","Fri Apr 08 00:43:09 GMT 2022","Fri Apr 08 00:43:23 GMT 2022","14104","Contract: GovernorTimelockControl","Contract interface","ERC165 > supportsInterface(bytes4)","","","has to be implemented",""
"passed","Fri Apr 08 00:52:25 GMT 2022","Fri Apr 08 00:52:27 GMT 2022","1602","Contract: ERC721PresetMinterPauserAutoId","Contract interface","ERC721Enumerable > ERC165's supportsInterface(bytes4)","","","claims support [skip-on-coverage]",""
"passed","Fri Apr 08 00:48:48 GMT 2022","Fri Apr 08 00:48:53 GMT 2022","4597","Contract: ERC20","deposit","","","","valid",""
"passed","Fri Apr 08 00:45:21 GMT 2022","Fri Apr 08 00:45:29 GMT 2022","7509","Contract: GovernorTimelockCompound","Contract interface","Governor > execute(address[],uint256[],bytes[],bytes32)","","","has to be implemented",""
"passed","Fri Apr 08 00:49:53 GMT 2022","Fri Apr 08 00:49:58 GMT 2022","5067","Contract: TokenTimelock","with token","once deployed","","","cannot be released before time limit",""
"passed","Fri Apr 08 00:49:39 GMT 2022","Fri Apr 08 00:49:41 GMT 2022","2368","Contract: ERC20","_transfer","when the recipient is not the zero address > when the sender transfers all balance","","","emits a transfer event",""
"passed","Fri Apr 08 00:53:18 GMT 2022","Fri Apr 08 00:53:19 GMT 2022","1542","Contract: Escrow","as an escrow","deposits","","","can accept an empty deposit",""
"passed","Fri Apr 08 00:51:37 GMT 2022","Fri Apr 08 00:51:42 GMT 2022","4962","Contract: ERC20","erc20 behaviour","transfer from > when the token owner is not the zero address > when the recipient is the zero address","","","reverts",""
"passed","Fri Apr 08 00:45:10 GMT 2022","Fri Apr 08 00:45:13 GMT 2022","2770","Contract: TransparentUpgradeableProxy","initialization with parameters","non payable > when not sending balance","","","initializes the proxy",""
"passed","Fri Apr 08 00:49:19 GMT 2022","Fri Apr 08 00:49:26 GMT 2022","6532","Contract: ERC20PresetMinterPauser","minting","","","","deployer can mint tokens",""
"passed","Fri Apr 08 00:46:48 GMT 2022","Fri Apr 08 00:46:50 GMT 2022","1730","Contract: ERC1155PresetMinterPauser","Contract interface","AccessControl > renounceRole(bytes32,address)","","","has to be implemented",""
"passed","Fri Apr 08 00:50:31 GMT 2022","Fri Apr 08 00:50:33 GMT 2022","1326","Contract: ERC721","Contract interface","ERC721 > setApprovalForAll(address,bool)","","","has to be implemented",""
"passed","Fri Apr 08 00:53:56 GMT 2022","Fri Apr 08 00:53:57 GMT 2022","1251","Contract: ERC165Storage","Contract interface","ERC165 > ERC165's supportsInterface(bytes4)","","","uses less than 30k gas [skip-on-coverage]",""
"passed","Fri Apr 08 00:48:24 GMT 2022","Fri Apr 08 00:48:27 GMT 2022","3362","Contract: ERC1155","like an ERC1155","safeBatchTransferFrom","","","reverts when transferring amount more than any of balances",""
"passed","Fri Apr 08 00:47:30 GMT 2022","Fri Apr 08 00:47:46 GMT 2022","15858","Contract: GovernorTimelockControl","Contract interface","GovernorTimelock > ERC165's supportsInterface(bytes4)","","","uses less than 30k gas [skip-on-coverage]",""
"passed","Fri Apr 08 00:54:56 GMT 2022","Fri Apr 08 00:54:59 GMT 2022","2213","Contract: SafeCast","toUint128","","","","downcasts 1",""
"passed","Fri Apr 08 00:51:43 GMT 2022","Fri Apr 08 00:51:51 GMT 2022","7881","Contract: Governor","state","Unset","","","run",""
"passed","Fri Apr 08 00:45:20 GMT 2022","Fri Apr 08 00:45:22 GMT 2022","2706","Contract: Clones","cloneDeterministic","initialization with parameters > payable > when not sending balance","","","initializes the proxy",""
"passed","Fri Apr 08 00:46:09 GMT 2022","Fri Apr 08 00:46:13 GMT 2022","3876","Contract: ERC1155","like an ERC1155","safeTransferFrom > when called by the multiTokenHolder","","","debits transferred balance from sender",""
"passed","Fri Apr 08 00:44:02 GMT 2022","Fri Apr 08 00:44:03 GMT 2022","1029","Contract: AccessControl","Contract interface","AccessControlEnumerable > ERC165's supportsInterface(bytes4)","","","uses less than 30k gas [skip-on-coverage]",""
"passed","Fri Apr 08 00:45:53 GMT 2022","Fri Apr 08 00:46:05 GMT 2022","12089","Contract: Governor","Contract interface","Governor > getVotes(address,uint256)","","","has to be implemented",""
"passed","Fri Apr 08 00:45:58 GMT 2022","Fri Apr 08 00:46:04 GMT 2022","5588","Contract: ERC1155Supply","after burn","single","","","exist",""
"passed","Fri Apr 08 01:02:25 GMT 2022","Fri Apr 08 01:02:30 GMT 2022","4667","Contract: ERC721","with minted tokens","transfers > via safeTransferFrom > without data > to a valid receiver contract > when called by the owner","","","clears the approval for the token ID",""
"passed","Fri Apr 08 00:44:32 GMT 2022","Fri Apr 08 00:44:39 GMT 2022","7246","Contract: ProxyAdmin","#changeProxyAdmin","","","","changes proxy admin",""
"passed","Fri Apr 08 00:55:41 GMT 2022","Fri Apr 08 00:55:43 GMT 2022","1562","Contract: SafeMath","memory leakage","","","","add",""
"passed","Fri Apr 08 00:53:08 GMT 2022","Fri Apr 08 00:53:10 GMT 2022","2573","Contract: Address","functionCall","with valid contract receiver","","","reverts when function does not exist",""
"passed","Fri Apr 08 00:48:01 GMT 2022","Fri Apr 08 00:48:05 GMT 2022","3843","Contract: ERC20","approve","when the spender is not the zero address > when the sender does not have enough balance > when the spender had an approved amount","","","approves the requested amount and replaces the previous one",""
"passed","Fri Apr 08 00:54:43 GMT 2022","Fri Apr 08 00:54:48 GMT 2022","5032","Contract: ERC721","with minted tokens","transfers > via safeTransferFrom > with data > to a user account > when called by the owner","","","transfers the ownership of the given token ID to the given address",""
"passed","Fri Apr 08 00:45:37 GMT 2022","Fri Apr 08 00:45:45 GMT 2022","8001","Contract: ERC1155","like an ERC1155","balanceOfBatch > when accounts own some tokens","","","returns multiple times the balance of the same address when asked",""
"passed","Fri Apr 08 01:07:02 GMT 2022","Fri Apr 08 01:07:03 GMT 2022","1249","Contract: ERC721","metadata","","","","has a name",""
"passed","Fri Apr 08 00:47:14 GMT 2022","Fri Apr 08 00:47:16 GMT 2022","1996","Contract: ERC1155PresetMinterPauser","pausing","","","","deployer can pause",""
"passed","Fri Apr 08 00:53:11 GMT 2022","Fri Apr 08 00:53:14 GMT 2022","2689","Contract: ERC721PresetMinterPauserAutoId","burning","","","","holders can burn their tokens",""
"passed","Fri Apr 08 00:55:25 GMT 2022","Fri Apr 08 00:55:27 GMT 2022","1560","Contract: SafeMath","with custom revert message","div","","","divides zero correctly",""
"passed","Fri Apr 08 00:52:31 GMT 2022","Fri Apr 08 00:52:33 GMT 2022","2137","Contract: ERC721PresetMinterPauserAutoId","Contract interface","AccessControl > ERC165's supportsInterface(bytes4)","","","uses less than 30k gas [skip-on-coverage]",""
"passed","Fri Apr 08 00:53:14 GMT 2022","Fri Apr 08 00:53:15 GMT 2022","1063","Contract: ECDSA","recover with valid signature","with v1 signature","","","reverts with wrong version",""
"passed","Fri Apr 08 00:44:51 GMT 2022","Fri Apr 08 00:44:54 GMT 2022","2857","Contract: UUPSUpgradeable","","","","","upgrade to upgradeable implementation",""
"passed","Fri Apr 08 01:07:00 GMT 2022","Fri Apr 08 01:07:01 GMT 2022","1205","Contract: ERC721","Contract interface","ERC721Metadata > symbol()","","","has to be implemented",""
"passed","Fri Apr 08 00:44:07 GMT 2022","Fri Apr 08 00:44:08 GMT 2022","1188","Ethers.js","","","","","shouldCountTransactions",""
"passed","Fri Apr 08 00:55:48 GMT 2022","Fri Apr 08 00:55:51 GMT 2022","2532","Contract: EnumerableMap","remove","","","","removes added keys",""
"skipped","Fri Apr 08 00:48:27 GMT 2022","Fri Apr 08 00:48:27 GMT 2022","0","Contract: ERC20Votes","","","","","initial nonce is 0",""
"passed","Fri Apr 08 00:59:00 GMT 2022","Fri Apr 08 00:59:04 GMT 2022","4659","Contract: ERC721","with minted tokens","transfers > via safeTransferFrom > with data > to a valid receiver contract > when called by the owner without an approved user","","","transfers the ownership of the given token ID to the given address",""
"passed","Fri Apr 08 00:53:12 GMT 2022","Fri Apr 08 00:53:12 GMT 2022","59","Contract: SignatureChecker (ERC1271)","EOA account","","","","with invalid signature",""
"passed","Fri Apr 08 01:00:10 GMT 2022","Fri Apr 08 01:00:13 GMT 2022","3212","Contract: ERC721Enumerable","with minted tokens","transfers > via safeTransferFrom > without data > to a user account > when called by the owner","","","transfers the ownership of the given token ID to the given address",""
"passed","Fri Apr 08 00:56:25 GMT 2022","Fri Apr 08 00:56:27 GMT 2022","2179","Contract: EnumerableMap","read","tryGet","","","missing value",""
"skipped","Fri Apr 08 00:48:27 GMT 2022","Fri Apr 08 00:48:27 GMT 2022","0","Contract: ERC20Votes","Compound test suite","getPastVotes","","","returns 0 if there are no checkpoints",""
"passed","Fri Apr 08 00:49:58 GMT 2022","Fri Apr 08 00:50:00 GMT 2022","2542","Contract: ERC20","_approve","when the spender is not the zero address > when the sender has enough balance > when the spender had an approved amount","","","approves the requested amount and replaces the previous one",""
"passed","Fri Apr 08 00:51:31 GMT 2022","Fri Apr 08 00:51:37 GMT 2022","6307","Contract: ERC721Pausable","when token is paused","ownerOf","","","returns the amount of tokens owned by the given address",""
"passed","Fri Apr 08 00:44:12 GMT 2022","Fri Apr 08 00:44:16 GMT 2022","4286","Contract: UpgradeableBeacon","once deployed","","","","cannot be upgraded to a non-contract",""
"passed","Fri Apr 08 00:59:55 GMT 2022","Fri Apr 08 00:59:59 GMT 2022","3991","Contract: ERC721","with minted tokens","transfers > via safeTransferFrom > with data > to a valid receiver contract > when the sender is not authorized for the token id","","","reverts",""
"passed","Fri Apr 08 00:53:16 GMT 2022","Fri Apr 08 00:53:17 GMT 2022","1218","Contract: ECDSA","toEthSignedMessageHash","","","","prefixes bytes32 data correctly",""
"passed","Fri Apr 08 00:51:46 GMT 2022","Fri Apr 08 00:51:51 GMT 2022","5070","Contract: ERC20","erc20 behaviour","approve > when the spender is not the zero address > when the sender has enough balance","","","emits an approval event",""
"passed","Fri Apr 08 00:52:39 GMT 2022","Fri Apr 08 00:52:45 GMT 2022","5832","Contract: ERC721","with minted tokens","transfers > via transferFrom > when called by the operator","","","clears the approval for the token ID",""
"skipped","Fri Apr 08 00:44:23 GMT 2022","Fri Apr 08 00:44:23 GMT 2022","0","Contract: ERC1967Proxy","initialization without parameters","payable > when sending some balance","","","sets the implementation address",""
"passed","Fri Apr 08 00:52:37 GMT 2022","Fri Apr 08 00:52:38 GMT 2022","1310","Contract: Arrays","findUpperBound","Empty array","","","always returns 0 for empty array",""
"passed","Fri Apr 08 00:44:09 GMT 2022","Fri Apr 08 00:44:09 GMT 2022","2","Ethers.js","","","","","testSigner",""
"skipped","Fri Apr 08 00:43:14 GMT 2022","Fri Apr 08 00:43:14 GMT 2022","0","Contract: TimelockController","methods","cancel","","","prevent non-proposer from canceling",""
"passed","Fri Apr 08 00:48:49 GMT 2022","Fri Apr 08 00:48:53 GMT 2022","3713","Contract: ERC1155","like an ERC1155","safeBatchTransferFrom > when called by the multiTokenHolder","","","emits a TransferBatch log",""
"passed","Fri Apr 08 00:49:45 GMT 2022","Fri Apr 08 00:50:10 GMT 2022","25565","Contract: Governor","scenario","duplicate executed proposal","","","run",""
"passed","Fri Apr 08 00:52:21 GMT 2022","Fri Apr 08 00:52:23 GMT 2022","1718","Contract: ERC721PresetMinterPauserAutoId","Contract interface","ERC721 > safeTransferFrom(address,address,uint256,bytes)","","","has to be implemented",""
"passed","Fri Apr 08 01:06:57 GMT 2022","Fri Apr 08 01:06:58 GMT 2022","1245","Contract: ERC721Enumerable","Contract interface","ERC721Metadata > symbol()","","","has to be implemented",""
"passed","Fri Apr 08 00:47:47 GMT 2022","Fri Apr 08 00:47:48 GMT 2022","1343","Contract: ERC20","transfer from","when the token owner is the zero address","","","reverts",""
"passed","Fri Apr 08 00:44:21 GMT 2022","Fri Apr 08 00:44:22 GMT 2022","1290","Contract: ERC1967Proxy","initialization without parameters","payable > when not sending balance","","","initializes the proxy",""
"passed","Fri Apr 08 00:47:18 GMT 2022","Fri Apr 08 00:47:19 GMT 2022","1028","Contract: TransparentUpgradeableProxy","changeAdmin","when the new proposed admin is the zero address","","","reverts",""
"passed","Fri Apr 08 01:05:02 GMT 2022","Fri Apr 08 01:05:05 GMT 2022","2803","Contract: ERC721","with minted tokens","transfers > via safeTransferFrom > to a contract that does not implement the required function","","","reverts",""
"passed","Fri Apr 08 01:06:06 GMT 2022","Fri Apr 08 01:06:09 GMT 2022","2682","Contract: ERC721","with minted tokens","approve > when the given token ID does not exist","","","reverts",""
"passed","Fri Apr 08 00:45:00 GMT 2022","Fri Apr 08 00:45:02 GMT 2022","1427","Contract: Pausable","when unpaused","","","","cannot take drastic measure in non-pause",""
"passed","Fri Apr 08 00:50:48 GMT 2022","Fri Apr 08 00:50:54 GMT 2022","5733","Contract: ERC1155","like an ERC1155","safeBatchTransferFrom > to a contract that does not implement the required function","","","reverts",""
"passed","Fri Apr 08 00:44:41 GMT 2022","Fri Apr 08 00:44:45 GMT 2022","3530","Contract: Initializable","complex testing with inheritance","","","","initializes mother",""
"passed","Fri Apr 08 00:55:21 GMT 2022","Fri Apr 08 00:55:22 GMT 2022","1207","Contract: SafeCast","toInt8","","","","downcasts 0",""
"passed","Fri Apr 08 00:52:46 GMT 2022","Fri Apr 08 00:52:51 GMT 2022","4353","Contract: Address","functionCall","with valid contract receiver","","","calls the requested function",""
"passed","Fri Apr 08 00:49:33 GMT 2022","Fri Apr 08 00:49:35 GMT 2022","1985","Contract: ERC20","_burn","for a non zero account > for less amount than balance","","","emits Transfer event",""
"passed","Fri Apr 08 00:43:54 GMT 2022","Fri Apr 08 00:44:02 GMT 2022","8467","Contract: Governor","Contract interface","Governor > ERC165's supportsInterface(bytes4)","","","uses less than 30k gas [skip-on-coverage]",""
"passed","Fri Apr 08 00:46:52 GMT 2022","Fri Apr 08 00:46:59 GMT 2022","6845","Contract: ERC1155","like an ERC1155","safeTransferFrom > when called by an operator on behalf of the multiTokenHolder > when operator is approved by multiTokenHolder","","","emits a TransferSingle log",""
"passed","Fri Apr 08 00:52:45 GMT 2022","Fri Apr 08 00:52:46 GMT 2022","1695","Contract: ERC721PresetMinterPauserAutoId","Contract interface","AccessControlEnumerable > ERC165's supportsInterface(bytes4)","","","claims support [skip-on-coverage]",""
"passed","Fri Apr 08 00:52:27 GMT 2022","Fri Apr 08 00:52:28 GMT 2022","1394","Contract: Arrays","findUpperBound","Even number of elements","","","returns 0 for the element under the lower boundary",""
"passed","Fri Apr 08 00:56:13 GMT 2022","Fri Apr 08 00:56:14 GMT 2022","1112","Contract: SafeCast","toInt64","","","","downcasts -2^63 (-9223372036854775808)",""
"passed","Fri Apr 08 00:55:20 GMT 2022","Fri Apr 08 00:55:22 GMT 2022","1323","Contract: SafeMath","with default revert message","mod > modulos correctly","","","when the dividend is a multiple of the divisor",""
"skipped","Fri Apr 08 00:43:14 GMT 2022","Fri Apr 08 00:43:14 GMT 2022","1","Contract: TimelockController","methods","simple > execute > with scheduled operation","","","revert if execution comes too early 1/2",""
"passed","Fri Apr 08 00:54:12 GMT 2022","Fri Apr 08 00:54:13 GMT 2022","1474","Contract: Math","max","","","","is correctly detected in first argument position",""
"passed","Fri Apr 08 00:55:44 GMT 2022","Fri Apr 08 00:55:46 GMT 2022","2257","Contract: EnumerableSet","EnumerableBytes32Set","add","","","adds a value",""
"passed","Fri Apr 08 00:56:34 GMT 2022","Fri Apr 08 00:56:35 GMT 2022","1319","Contract: SafeCast","toInt256","","","","casts 0",""
"passed","Fri Apr 08 00:52:34 GMT 2022","Fri Apr 08 00:52:36 GMT 2022","1418","Contract: Arrays","findUpperBound","Odd number of elements","","","returns 0 for the element under the lower boundary",""
"passed","Fri Apr 08 00:46:07 GMT 2022","Fri Apr 08 00:46:09 GMT 2022","1873","Contract: ERC1155PresetMinterPauser","","","","","deployer has the default admin role",""
"skipped","Fri Apr 08 00:48:27 GMT 2022","Fri Apr 08 00:48:27 GMT 2022","0","Contract: ERC20Votes","transfers","","","","full delegation",""
"passed","Fri Apr 08 01:05:34 GMT 2022","Fri Apr 08 01:05:37 GMT 2022","2864","Contract: ERC721","with minted tokens","approve > when clearing approval > when there was a prior approval","","","emits an approval event",""
"broken","Fri Apr 08 00:44:20 GMT 2022","Fri Apr 08 00:44:20 GMT 2022","770","Hardhat advanced: Greeter","","","","","Should return the new greeting once it's changed",""
"passed","Fri Apr 08 01:04:54 GMT 2022","Fri Apr 08 01:04:58 GMT 2022","3808","Contract: ERC721","with minted tokens","transfers > via safeTransferFrom > to a receiver contract that reverts without message","","","reverts",""
"passed","Fri Apr 08 01:05:23 GMT 2022","Fri Apr 08 01:05:26 GMT 2022","2785","Contract: ERC721Enumerable","with minted tokens","approve > when clearing approval > when there was no prior approval","","","clears approval for the token",""
"passed","Fri Apr 08 00:45:13 GMT 2022","Fri Apr 08 00:45:17 GMT 2022","3208","Contract: PullPayment","payments","","","","can add multiple balances on one account",""
"passed","Fri Apr 08 01:01:18 GMT 2022","Fri Apr 08 01:01:22 GMT 2022","3582","Contract: ERC721","with minted tokens","transfers > via safeTransferFrom > without data > to a user account > when called by the owner without an approved user","","","emits a Transfer event",""
"passed","Fri Apr 08 00:50:35 GMT 2022","Fri Apr 08 00:50:36 GMT 2022","1560","Contract: ERC721","Contract interface","ERC721 > transferFrom(address,address,uint256)","","","has to be implemented",""
"passed","Fri Apr 08 00:55:25 GMT 2022","Fri Apr 08 00:55:28 GMT 2022","2842","Contract: StorageSlot","bytes32 storage slot","get","","","from other slot",""
"passed","Fri Apr 08 00:57:22 GMT 2022","Fri Apr 08 00:57:25 GMT 2022","2886","Contract: ERC721Enumerable","with minted tokens","transfers > via safeTransferFrom > with data > to a user account > when the address to transfer the token to is the zero address","","","reverts",""
"passed","Fri Apr 08 00:51:31 GMT 2022","Fri Apr 08 00:51:35 GMT 2022","4642","Contract: ERC1155","internal functions","_mintBatch","","","reverts if length of inputs do not match",""
"passed","Fri Apr 08 00:53:22 GMT 2022","Fri Apr 08 00:53:26 GMT 2022","3133","Contract: Escrow","as an escrow","deposits","","","can add multiple deposits on a single account",""
"passed","Fri Apr 08 00:52:18 GMT 2022","Fri Apr 08 00:52:21 GMT 2022","2456","Contract: ERC721URIStorage","token URI","","","","tokens without URI can be burnt ",""
"passed","Fri Apr 08 00:55:52 GMT 2022","Fri Apr 08 00:55:53 GMT 2022","1274","Contract: EnumerableSet","EnumerableBytes32Set","at","","","reverts when retrieving non-existent elements",""
"passed","Fri Apr 08 00:49:36 GMT 2022","Fri Apr 08 00:49:39 GMT 2022","2384","Contract: ERC20","_transfer","when the recipient is not the zero address > when the sender transfers all balance","","","transfers the requested amount",""
"passed","Fri Apr 08 00:48:36 GMT 2022","Fri Apr 08 00:48:42 GMT 2022","6135","Contract: ERC20","","","","","has 18 decimals",""
"passed","Fri Apr 08 01:02:09 GMT 2022","Fri Apr 08 01:02:14 GMT 2022","4961","Contract: ERC721Enumerable","with minted tokens","transfers > via safeTransferFrom > without data > to a valid receiver contract","","","calls onERC721Received from approved",""
"passed","Fri Apr 08 00:54:56 GMT 2022","Fri Apr 08 00:54:58 GMT 2022","2262","Contract: SignedSafeMath","div","","","","reverts on division by zero",""
"passed","Fri Apr 08 01:02:07 GMT 2022","Fri Apr 08 01:02:12 GMT 2022","4934","Contract: ERC721","with minted tokens","transfers > via safeTransferFrom > without data > to a valid receiver contract","","","calls onERC721Received",""
"passed","Fri Apr 08 00:53:03 GMT 2022","Fri Apr 08 00:53:04 GMT 2022","1248","Contract: ECDSA","recover with valid signature","using web3.eth.sign","","","returns a different address",""
"passed","Fri Apr 08 00:56:09 GMT 2022","Fri Apr 08 00:56:13 GMT 2022","3669","Contract: ERC721Enumerable","with minted tokens","transfers > via safeTransferFrom > with data > to a user account > when called by the operator","","","emits a Transfer event",""
"passed","Fri Apr 08 00:46:28 GMT 2022","Fri Apr 08 00:46:37 GMT 2022","8909","Contract: ERC1155","like an ERC1155","safeTransferFrom > when called by the multiTokenHolder","","","preserves existing balances which are not transferred by multiTokenHolder",""
"passed","Fri Apr 08 00:44:35 GMT 2022","Fri Apr 08 00:44:39 GMT 2022","3952","Contract: Initializable","basic testing without inheritance","after nested initialize","","","initializer has run",""
"passed","Fri Apr 08 00:55:57 GMT 2022","Fri Apr 08 00:56:23 GMT 2022","25698","Contract: Governor","Settings update","setProposalThreshold","","","run",""
"passed","Fri Apr 08 00:56:36 GMT 2022","Fri Apr 08 00:56:40 GMT 2022","4730","Contract: ERC721","with minted tokens","transfers > via safeTransferFrom > with data > to a user account > when called by the owner without an approved user","","","emits a Transfer event",""
"passed","Fri Apr 08 00:59:03 GMT 2022","Fri Apr 08 00:59:08 GMT 2022","5368","Contract: ERC721Enumerable","with minted tokens","transfers > via safeTransferFrom > with data > to a valid receiver contract > when called by the owner without an approved user","","","emits a Transfer event",""
"passed","Fri Apr 08 01:00:16 GMT 2022","Fri Apr 08 01:00:20 GMT 2022","3828","Contract: ERC721Enumerable","with minted tokens","transfers > via safeTransferFrom > without data > to a user account > when called by the owner","","","clears the approval for the token ID",""
"passed","Fri Apr 08 00:53:11 GMT 2022","Fri Apr 08 00:53:12 GMT 2022","1253","Contract: MerkleProof","verify","","","","returns false for a Merkle proof of invalid length",""
"passed","Fri Apr 08 00:45:01 GMT 2022","Fri Apr 08 00:45:03 GMT 2022","1655","Contract: UUPSUpgradeable","","","","","reject upgrade to non uups implementation",""
"skipped","Fri Apr 08 00:43:14 GMT 2022","Fri Apr 08 00:43:14 GMT 2022","0","Contract: TimelockController","maintenance","","","","timelock scheduled maintenance",""
"skipped","Fri Apr 08 00:42:44 GMT 2022","Fri Apr 08 00:42:44 GMT 2022","0","Contract: GovernorTimelockCompound","","","","","post deployment check",""
"passed","Fri Apr 08 00:43:36 GMT 2022","Fri Apr 08 00:44:01 GMT 2022","24989","Contract: GovernorVotesQuorumFraction","update quorum over the maximum","","","","run",""
"passed","Fri Apr 08 00:44:55 GMT 2022","Fri Apr 08 00:44:57 GMT 2022","2603","Contract: ProxyAdmin","#upgradeAndCall","with unauthorized account","","","fails to upgrade",""
"passed","Fri Apr 08 00:43:26 GMT 2022","Fri Apr 08 00:43:31 GMT 2022","4499","Contract: AccessControl","renouncing","with granted role","","","a role can be renounced multiple times",""
"passed","Fri Apr 08 00:45:22 GMT 2022","Fri Apr 08 00:45:25 GMT 2022","2999","Contract: Clones","cloneDeterministic","initialization with parameters > payable > when not sending balance","","","has expected balance",""
"passed","Fri Apr 08 00:54:32 GMT 2022","Fri Apr 08 00:54:36 GMT 2022","3312","Contract: SafeMath","with flag","sub","","","reverts if subtraction result would be negative",""
"passed","Fri Apr 08 00:55:14 GMT 2022","Fri Apr 08 00:55:16 GMT 2022","1559","Contract: Strings","from uint256 - hex format","","","","converts 0",""
"passed","Fri Apr 08 00:44:27 GMT 2022","Fri Apr 08 00:44:28 GMT 2022","1581","Contract: ERC1967Proxy","initialization with parameters","non payable > when not sending balance","","","has expected balance",""
"passed","Fri Apr 08 00:52:22 GMT 2022","Fri Apr 08 00:52:23 GMT 2022","1303","Contract: Arrays","findUpperBound","Even number of elements","","","returns correct index for the basic case",""
"skipped","Fri Apr 08 00:48:27 GMT 2022","Fri Apr 08 00:48:27 GMT 2022","0","Contract: ERC20Votes","getPastTotalSupply","","","","returns zero if < first checkpoint block",""
"skipped","Fri Apr 08 00:48:24 GMT 2022","Fri Apr 08 00:48:24 GMT 2022","0","Contract: ERC20VotesComp","","","","","minting restriction",""
"passed","Fri Apr 08 01:01:49 GMT 2022","Fri Apr 08 01:01:52 GMT 2022","3327","Contract: ERC721Enumerable","with minted tokens","transfers > via safeTransferFrom > without data > to a user account > when sent to the owner","","","keeps same tokens by index",""
"passed","Fri Apr 08 01:05:42 GMT 2022","Fri Apr 08 01:05:45 GMT 2022","2966","Contract: ERC721","with minted tokens","approve > when approving a non-zero address > when there was a prior approval to the same address","","","sets the approval for the target address",""
"passed","Fri Apr 08 00:48:32 GMT 2022","Fri Apr 08 00:48:35 GMT 2022","2928","Contract: ERC20","","","","","has a symbol",""
"passed","Fri Apr 08 00:51:38 GMT 2022","Fri Apr 08 00:51:42 GMT 2022","3724","Contract: SafeERC20","with token that returns no boolean values","approvals > with non-zero allowance","","","doesn't revert when decreasing the allowance to a positive value",""
"passed","Fri Apr 08 00:59:23 GMT 2022","Fri Apr 08 00:59:28 GMT 2022","4613","Contract: ERC721","with minted tokens","transfers > via safeTransferFrom > with data > to a valid receiver contract > when called by the owner without an approved user","","","adjusts owners tokens by index",""
"passed","Fri Apr 08 00:45:17 GMT 2022","Fri Apr 08 00:45:20 GMT 2022","2750","Contract: TransparentUpgradeableProxy","initialization with parameters","payable > when not sending balance","","","initializes the proxy",""
"passed","Fri Apr 08 00:54:16 GMT 2022","Fri Apr 08 00:54:20 GMT 2022","3705","Contract: ERC721","with minted tokens","transfers > via transferFrom > when sent to the owner","","","keeps same tokens by index",""
"passed","Fri Apr 08 00:45:20 GMT 2022","Fri Apr 08 00:45:23 GMT 2022","2895","Contract: TransparentUpgradeableProxy","initialization with parameters","payable > when not sending balance","","","has expected balance",""
"passed","Fri Apr 08 00:52:53 GMT 2022","Fri Apr 08 00:53:04 GMT 2022","11312","Contract: ERC721","with minted tokens","transfers > via transferFrom > when called by the operator","","","adjusts owners balances",""
"passed","Fri Apr 08 00:55:11 GMT 2022","Fri Apr 08 00:55:13 GMT 2022","1773","Contract: Strings","from uint256 - decimal format","","","","converts a positive number",""
"passed","Fri Apr 08 00:44:52 GMT 2022","Fri Apr 08 00:44:54 GMT 2022","2776","Contract: Initializable","complex testing with inheritance","","","","initializes child",""
"broken","Fri Apr 08 00:48:32 GMT 2022","Fri Apr 08 00:49:01 GMT 2022","28707","Contract: GovernorTimelockControl","nominal","","","","run",""
"passed","Fri Apr 08 00:44:05 GMT 2022","Fri Apr 08 00:44:07 GMT 2022","1405","Contract: AccessControl","Contract interface","AccessControlEnumerable > getRoleMemberCount(bytes32)","","","has to be implemented",""
"passed","Fri Apr 08 00:53:16 GMT 2022","Fri Apr 08 00:53:18 GMT 2022","2271","Contract: Escrow","as an escrow","deposits","","","can accept a single deposit",""
"passed","Fri Apr 08 00:55:13 GMT 2022","Fri Apr 08 00:55:15 GMT 2022","1923","Contract: StorageSlot","address storage slot","","","","set",""
"passed","Fri Apr 08 01:04:55 GMT 2022","Fri Apr 08 01:04:59 GMT 2022","4186","Contract: ERC721Enumerable","with minted tokens","transfers > via safeTransferFrom > to a receiver contract that panics","","","reverts",""
"passed","Fri Apr 08 00:54:46 GMT 2022","Fri Apr 08 00:54:47 GMT 2022","1195","Contract: SafeCast","toUint64","","","","reverts when downcasting 2^64 (18446744073709551616)",""
"passed","Fri Apr 08 00:55:37 GMT 2022","Fri Apr 08 00:55:39 GMT 2022","2678","Contract: EnumerableMap","set","","","","adds a key",""
"passed","Fri Apr 08 00:44:16 GMT 2022","Fri Apr 08 00:44:20 GMT 2022","4504","Contract: UpgradeableBeacon","once deployed","","","","cannot be upgraded by other account",""
"skipped","Fri Apr 08 01:07:10 GMT 2022","Fri Apr 08 01:07:10 GMT 2022","0","Contract: ERC721","metadata","token URI > base URI","","","base URI can be set",""
"passed","Fri Apr 08 00:55:45 GMT 2022","Fri Apr 08 00:55:47 GMT 2022","2102","Contract: BitMap","set","","","","adds a key",""
"passed","Fri Apr 08 01:01:03 GMT 2022","Fri Apr 08 01:01:07 GMT 2022","3728","Contract: ERC721","with minted tokens","transfers > via safeTransferFrom > without data > to a user account > when called by the operator","","","emits an Approval event",""
"passed","Fri Apr 08 01:01:37 GMT 2022","Fri Apr 08 01:01:41 GMT 2022","3852","Contract: ERC721","with minted tokens","transfers > via safeTransferFrom > without data > to a user account > when sent to the owner","","","keeps ownership of the token",""
